0.000000000000000000e+00 1.524729484203673451e+02 5.544366510251644797e+01 7.000714249274855661e+01 8.237718130647589021e+01 1.000000000000000000e+00 1.769632730257891637e+02 2.500000000000000000e+01 1.666523327169470008e+02 1.222988143850953264e+02 6.332456079595025500e+01 5.308483775994798748e+01 8.215229759416348543e+01 1.298075498574716846e+02 1.127297653683356202e+02 1.390143877445784426e+02 1.666523327169470008e+02 1.548063306199071292e+02 6.451356446515724485e+01 3.667424164178449786e+01 3.700000000000000000e+01 8.495881355103777821e+01 1.810110493864946477e+02 1.219180052330253687e+02 5.758472019555187416e+01 8.814193099768122863e+01 1.296341004520029969e+02 4.257933771208753626e+01 9.241753080449618096e+01 1.498332406377169832e+02 3.157530680769388809e+01 1.220655561573370207e+01 1.014149890302217614e+02 9.804590761474952387e+01 1.134416149391395123e+02 5.000999900019994726e+01 1.382316895650197921e+02 4.494441010848846219e+01 1.329661611087572908e+02 7.924645102463580315e+01 1.199708297879113559e+02 4.716990566028302112e+01 4.720169488482378739e+01 7.223572523343280238e+01 6.140032573203500732e+01 8.910667763978185008e+01 5.408326913195983821e+01 8.188406438373708340e+01 3.306055050963308162e+01 3.224903099319419653e+01 1.161034021895999331e+02 1.123788236279415713e+02 9.400531899844816053e+01 1.400035713830186523e+02 1.010000000000000000e+02 7.324616030891995422e+01 7.831347265956222259e+01 1.054751155486449363e+02 8.757282683572570647e+01 4.060788100849390503e+01 1.886796226411320632e+01 4.579301256742124338e+01 1.557241150239743774e+02 1.004987562112088995e+02 1.670269439342048088e+02 4.294182110716777601e+01 6.964194138592060312e+01 8.772684879784523559e+01 4.026164427839479032e+01 1.442532495301232416e+02 1.233207200757439637e+02 6.152235366108809700e+01 7.061161377563891506e+01 4.964876634922563881e+01 1.355175265417724404e+02 5.162363799656122865e+01 1.155205609404663534e+02 7.576938695805846180e+01 1.663520363566373703e+02 5.920304046246273799e+01 1.528561415187495811e+02 1.106435718873898253e+02 1.695317079486902401e+02 1.454991408909344841e+02 1.505456741324705092e+02 8.335466393669882734e+01 9.687620966986683868e+01 1.064048871058091947e+02 1.328533025558642180e+02 1.435862110371326708e+02 1.238426420906789218e+02 1.068924693325025572e+02 3.401470270338990076e+01 1.050047617967871076e+02 1.138639539099183082e+02 1.224826518328207925e+02 1.751142484208523911e+02 1.591540134586621207e+02 1.217538500417953884e+02 1.375390853539458362e+02
1.524729484203673451e+02 0.000000000000000000e+00 1.647118696390760988e+02 1.718284027743958404e+02 7.596051605933176631e+01 1.525549081478534390e+02 1.121605991424796258e+02 1.347330694373137305e+02 6.527633568147035703e+01 1.490134222142421550e+02 1.888544413033487501e+02 1.603309078125612075e+02 1.744849563716024079e+02 8.300602387778853597e+01 1.543113735276826617e+02 5.220153254455274805e+01 4.143669871020131978e+01 3.014962686336266984e+01 1.398642198705587418e+02 1.871069213043707862e+02 1.170000000000000000e+02 1.126143862923383381e+02 1.191511644928407776e+02 9.068627239003707530e+01 1.385207565673823353e+02 2.102022835270825567e+02 2.865309756378880479e+01 1.116288493177278980e+02 2.008307745341833765e+02 6.008327554319920694e+01 1.211486689980537932e+02 1.605147968257132334e+02 1.709415104648370516e+02 1.852052915010799552e+02 3.905124837953326988e+01 1.557080601638849089e+02 6.896375859826666499e+01 1.306139349380455599e+02 4.560701700396551672e+01 1.888279640307547140e+02 6.800735254367721438e+01 1.593267083699402917e+02 1.906724940834414213e+02 9.352005132590549863e+01 1.925876423865248910e+02 6.907966415668217053e+01 1.629631860267833758e+02 8.443340571124677751e+01 1.194194289050152804e+02 1.544020725249502561e+02 1.116064514264296434e+02 8.605230967266363962e+01 1.861316738225926031e+02 1.627882059609970611e+01 5.239274758971894386e+01 1.235677951571525028e+02 1.827046797430213587e+02 7.427651041883967764e+01 1.731040149736568026e+02 1.672871782295343621e+02 1.694343530692639774e+02 1.136353818139403273e+02 1.354178717895093769e+02 1.117318217877073749e+02 1.283199127181748054e+02 1.901683464722770225e+02 1.847647152461746316e+02 8.653323061113574965e+01 1.910104709171724835e+02 8.823264701911645602e+01 3.059411708155671050e+01 1.123610252712211661e+02 1.483846353232031845e+02 1.085587398600407454e+02 5.575840743780259601e+01 1.174776574502573254e+02 2.158726476420762310e+02 1.987083289648423374e+02 1.273459854098275059e+02 1.912302277360982430e+02 4.295346318982905842e+01 4.356604182158393002e+01 6.702984409947556799e+01 6.407807737440317908e+01 6.280127387243032899e+01 1.384052022143676481e+02 1.166919020326603516e+02 9.104943712072029882e+01 6.307138812488591384e+01 2.729468812791236232e+01 1.137409337046254478e+02 1.485193590075044767e+02 1.187139418939494249e+02 5.777542730261716031e+01 1.148085362679970700e+02 3.712142238654116966e+01 1.040432602334240642e+02 9.420191080864549349e+01 1.126055060820739726e+02 2.617250465660480074e+01
5.544366510251644797e+01 1.647118696390760988e+02 0.000000000000000000e+00 1.252557383915004579e+02 1.124455423749647736e+02 5.643580423808985103e+01 2.177934801595309580e+02 7.502666192761077468e+01 1.972029411545375410e+02 1.747712791050062719e+02 1.151173314492652793e+02 4.472135954999579610e+00 1.375245432641025047e+02 1.125877435603005523e+02 1.663550420035413424e+02 1.683597339033297544e+02 1.650121207669303374e+02 1.565407295242998487e+02 2.863564212655270680e+01 7.561084578286371993e+01 6.010823570859487575e+01 1.320757358487924478e+02 2.228295312565190613e+02 1.021077861869505057e+02 2.701851217221259205e+01 1.382931668593932955e+02 1.371021516971925678e+02 7.902531240052138628e+01 1.456742942320298368e+02 1.406982586956924592e+02 6.200806399170998162e+01 6.500000000000000000e+01 1.567067324654559854e+02 1.533264491208219340e+02 1.281600561797629609e+02 9.433981132056603158e+00 1.261507035255848308e+02 3.535533905932737753e+01 1.311868895888609643e+02 1.331840831330831350e+02 1.541590088188166874e+02 1.025914226434159531e+02 4.110960958218893069e+01 1.104536101718726115e+02 3.059411708155671050e+01 1.174137981669956901e+02 1.094577544078079399e+02 8.060397012554653884e+01 6.640030120413611314e+01 8.769264507357500804e+01 1.622898641320523154e+02 1.520690632574554968e+02 1.491207564358496711e+02 1.566045976336582441e+02 1.211981848048888821e+02 4.652956049652736681e+01 1.330000000000000000e+02 1.409290601685826800e+02 1.430139853301067774e+02 9.500000000000000000e+01 6.562011886609167277e+01 5.547071299343465256e+01 2.035779948815686851e+02 1.472752525036029283e+02 2.124241040936738898e+02 4.675467891024383960e+01 2.059126028197400160e+01 1.258967831201417198e+02 5.521775076911409030e+01 1.831747799234381375e+02 1.342013412749664099e+02 5.239274758971894386e+01 2.607680962081059661e+01 6.020797289396147534e+01 1.290620006043606907e+02 4.792702786528703740e+01 1.688579284487406085e+02 1.269212354178763889e+02 2.116341182323870953e+02 3.008321791298264714e+01 1.500033332962971144e+02 1.214578116055118073e+02 1.588238017426859017e+02 1.349518432626987021e+02 1.822800043888522623e+02 1.361249426078850604e+02 1.449172177486167357e+02 8.910667763978185008e+01 1.656019323558756184e+02 1.472311108427834938e+02 1.700735135169494754e+02 1.601124604770034807e+02 6.940461079784253684e+01 1.078702924812943991e+02 1.608632960000509229e+02 1.286545762886031241e+02 2.143478481347550257e+02 1.980706944502391593e+02 1.678630394101095646e+02 1.430279692927226165e+02
7.000714249274855661e+01 1.718284027743958404e+02 1.252557383915004579e+02 0.000000000000000000e+00 9.708243919473800077e+01 6.900724599634446577e+01 1.480709289496084580e+02 5.818934610390461870e+01 1.579177000845693613e+02 6.997142273814360180e+01 2.640075756488817049e+01 1.230650234632082629e+02 1.264911064067351809e+01 1.805685465411958148e+02 5.685947590331799972e+01 1.370328427786565442e+02 1.994442277931351839e+02 1.856017241299228999e+02 1.325179233160556294e+02 6.381222453417526452e+01 8.876936408468858986e+01 6.334824385884741815e+01 1.496462495353625570e+02 1.754451481232809726e+02 1.254472000484666125e+02 3.929376540877699853e+01 1.584045453893290301e+02 7.516648189186453521e+01 2.973213749463701205e+01 1.916898536699321483e+02 8.170679286326198110e+01 6.053098380168622583e+01 3.580502757993631491e+01 2.807133769523639799e+01 1.376372042726820268e+02 1.200000000000000000e+02 1.839918476454867289e+02 1.104219181141135522e+02 1.704494059831245067e+02 1.700000000000000000e+01 1.142365965879586298e+02 2.319482700948640286e+01 1.054751155486449363e+02 7.877182237323191316e+01 1.249199743836028773e+02 1.034649699173589852e+02 1.612451549659709826e+01 1.300845878649734573e+02 7.879086241436883142e+01 3.811823710509183627e+01 8.537564055396597951e+01 9.815294188153507093e+01 2.408318915758459156e+01 1.560833110873805083e+02 1.220655561573370278e+02 1.373608386695422041e+02 1.131370849898476116e+01 1.018331969448077388e+02 1.923538406167134340e+01 3.104834939252004844e+01 6.236184731067545783e+01 1.013903348450926103e+02 1.133181362359971018e+02 7.302739212103907107e+01 1.293560976529518030e+02 9.808669634563088380e+01 1.374809077654057319e+02 8.600581375697808539e+01 8.944271909999159220e+01 1.240161279834199632e+02 1.496161755960898745e+02 1.209049213225003570e+02 1.397032569412753560e+02 1.024597481941079167e+02 1.768671818060094552e+02 1.119464157532522393e+02 4.973932046178354938e+01 3.000000000000000000e+01 1.290271289303144897e+02 1.227110426978762234e+02 1.885205559083677258e+02 1.399464183178690746e+02 2.107178207935911587e+02 1.890952141118330871e+02 1.424113759500974652e+02 4.104875150354758517e+01 6.700746227100381702e+01 1.603776792449622519e+02 1.264950591920490837e+02 1.740114938732496626e+02 9.108238029388560619e+01 5.412023651093923604e+01 7.648529270389177270e+01 1.436279917007823315e+02 8.149846624323674860e+01 1.540292180074936255e+02 1.496262009141447038e+02 1.364441277593140001e+02 8.980534505250787447e+01 1.670029939851378913e+02
8.237718130647589021e+01 7.596051605933176631e+01 1.124455423749647736e+02 9.708243919473800077e+01 0.000000000000000000e+00 8.220097323024830871e+01 1.070046727951634864e+02 6.100000000000000000e+01 8.586617494683223129e+01 9.317188417113823107e+01 1.129247537079448307e+02 1.080740486888503682e+02 1.013163362938080212e+02 9.654014708917736698e+01 9.304837451562494266e+01 5.738466694161429160e+01 1.027277956543407953e+02 8.872992730753249191e+01 9.682974749528163727e+01 1.140043858805440919e+02 5.333854141237834767e+01 4.569463863518345192e+01 1.126454615153224950e+02 9.563472172804185334e+01 9.209777413162601079e+01 1.347182244538577720e+02 6.161980201201558316e+01 3.981205847478876336e+01 1.266056870760551618e+02 9.879271228182774678e+01 5.423098745182499414e+01 8.814193099768122863e+01 1.026498904042279037e+02 1.138990781349875476e+02 4.060788100849390503e+01 1.030776406404415155e+02 9.454099639838793223e+01 7.783315488916018410e+01 7.627581530209953087e+01 1.139912277326637025e+02 4.177319714841084419e+01 8.338465086573187079e+01 1.265306287030930719e+02 1.843908891458577415e+01 1.342385935563986834e+02 7.071067811865475505e+00 8.720665112249179174e+01 5.474486277268398027e+01 5.092150822589606207e+01 7.885429601486528384e+01 6.319810123729984497e+01 4.346262762420145975e+01 1.138639539099183082e+02 6.113100686231170044e+01 2.500000000000000000e+01 8.770974860299168085e+01 1.082266141020775052e+02 2.941088233970548416e+01 1.011187420807834201e+02 9.148223871331526880e+01 9.712878049270463521e+01 5.731491952362839726e+01 1.028396810574595293e+02 5.346026561849463832e+01 1.066208234820947212e+02 1.240403160266854599e+02 1.328006024082722263e+02 2.102379604162863913e+01 1.225765067213126258e+02 7.200694410957876812e+01 5.263078946776306566e+01 6.879680225126746507e+01 1.068269628885891365e+02 5.303772242470447651e+01 8.459905436823747493e+01 6.735725647619564427e+01 1.436279917007823315e+02 1.229837387624884286e+02 1.057024124606434867e+02 1.324122350842247613e+02 9.276313923105448112e+01 4.404543109109047805e+01 1.166061747936188908e+02 9.752948272189287593e+01 7.032780389006896371e+01 6.906518659932802962e+01 5.554277630799526122e+01 8.400000000000000000e+01 5.325410782277739230e+01 7.723341245859850801e+01 6.972087205421343015e+01 8.616263691415205983e+01 4.904079934095691584e+01 5.314132102234569288e+01 6.400781202322103525e+01 5.813776741499453493e+01 1.027277956543407953e+02 8.655634003352960804e+01 6.760177512462227867e+01 7.017834423809100031e+01
1.000000000000000000e+00 1.525549081478534390e+02 5.643580423808985103e+01 6.900724599634446577e+01 8.220097323024830871e+01 0.000000000000000000e+00 1.764001133786483706e+02 2.441311123146740414e+01 1.663370073074539732e+02 1.214331091589110230e+02 6.239390995922598648e+01 5.408326913195983821e+01 8.115417426109392807e+01 1.304185569618066154e+02 1.118257573191436052e+02 1.387515765676195940e+02 1.669730517179344247e+02 1.550806241927082283e+02 6.545991139621256139e+01 3.624913792078371699e+01 3.733630940518894192e+01 8.429116205154606689e+01 1.804217281815025729e+02 1.225765067213126258e+02 5.852349955359812839e+01 8.723531395025754875e+01 1.298383610494217635e+02 4.242640687119285303e+01 9.144397191723464857e+01 1.502963738750872267e+02 3.178049716414140846e+01 1.140175425099137918e+01 1.004390362359177544e+02 9.704638066409277997e+01 1.135341358358797805e+02 5.100980297942739838e+01 1.387551800834837366e+02 4.579301256742124338e+01 1.333304166347649300e+02 7.826237921249263252e+01 1.196160524344454359e+02 4.617358552246078318e+01 4.780167361086847677e+01 7.186793443532380365e+01 6.220128616033594682e+01 8.895504482602434848e+01 5.308483775994798748e+01 8.236504112789600640e+01 3.313608305156178346e+01 3.125699921617556853e+01 1.154339638061519508e+02 1.118928058455949213e+02 9.300537618869137191e+01 1.400142849854971132e+02 1.010049503737316883e+02 7.409453421137081364e+01 7.731752712031082808e+01 1.051094667477672999e+02 8.657944328765344721e+01 3.962322551231790158e+01 1.835755975068581947e+01 4.632493928760187885e+01 1.549870962370738710e+02 9.982484660644362862e+01 1.663520363566373703e+02 4.341658669218482203e+01 7.057619995437555360e+01 8.732124598286490880e+01 4.052159917870962147e+01 1.437567389724739257e+02 1.234706442843804126e+02 6.222539674441618018e+01 7.158910531638176167e+01 5.011985634456667071e+01 1.359558751948587201e+02 5.232590180780452016e+01 1.145425685062108272e+02 7.484650960465691583e+01 1.656804152578089031e+02 6.000000000000000000e+01 1.532122710490253041e+02 1.108196733436802788e+02 1.700000000000000000e+02 1.459897256658837534e+02 1.502165104108067055e+02 8.249242389456136948e+01 9.616652224137045835e+01 1.070560600806885674e+02 1.325179233160556294e+02 1.438401890988745890e+02 1.231665539016173057e+02 1.060047168761843324e+02 3.400000000000000000e+01 1.053422991964766311e+02 1.131724348063608687e+02 1.227232659278590035e+02 1.745909505100421768e+02 1.586474077947698333e+02 1.210826164236633957e+02 1.377679207943562005e+02
1.769632730257891637e+02 1.121605991424796258e+02 2.177934801595309580e+02 1.480709289496084580e+02 1.070046727951634864e+02 1.764001133786483706e+02 0.000000000000000000e+00 1.519901312585787707e+02 4.850773134253961416e+01 8.521150157109073575e+01 1.739022714055224696e+02 2.135649784023588325e+02 1.421442928857856032e+02 1.840923681199196267e+02 9.802040603874276314e+01 6.413267497929585659e+01 1.534698667491439608e+02 1.420316866054895399e+02 2.038283591652545397e+02 1.977296133612767619e+02 1.576863976378431857e+02 9.347726996441434721e+01 7.000000000000000000e+00 1.879255171603899157e+02 1.989773856497265285e+02 1.840896520720271212e+02 1.274244874425634038e+02 1.395170240508304289e+02 1.672991332912397411e+02 1.694992625352688549e+02 1.564001278771855823e+02 1.775077463098441797e+02 1.240040321925057469e+02 1.430139853301067774e+02 1.148433715980160486e+02 2.086264604502506472e+02 1.742641672863357201e+02 1.841955482632520216e+02 1.496262009141447038e+02 1.615054178657793500e+02 6.637017402418047141e+01 1.515684663774097771e+02 2.241428116179504002e+02 1.075639344761988525e+02 2.359872877932199060e+02 1.037304198391195200e+02 1.502165104108067055e+02 1.574706321826390649e+02 1.522268044727997278e+02 1.574420528321452082e+02 6.390618123468183143e+01 6.579513659838391959e+01 1.471223980228707262e+02 1.011780608630151619e+02 1.096585609973065374e+02 1.941468516355596137e+02 1.545736070614902928e+02 7.762087348130012288e+01 1.366199107011858587e+02 1.643441510976280426e+02 1.853213425377660144e+02 1.637833935415920052e+02 4.365775990588614519e+01 7.879086241436883142e+01 2.641968962724581260e+01 2.196724834839357072e+02 2.376257561797542053e+02 9.193475947648963142e+01 2.152324325003088461e+02 3.500000000000000000e+01 1.204159457879229507e+02 1.756502206090274285e+02 2.138270329027646710e+02 1.597904878270292954e+02 1.608011193990887477e+02 1.742899882379937537e+02 1.704963342714440842e+02 1.775528090456470238e+02 2.594224354214569317e+01 2.339508495389576410e+02 1.540292180074936255e+02 1.246194206373950379e+02 1.790446871593792935e+02 1.720523176246109074e+02 5.015974481593781320e+01 1.077032961426900783e+02 8.393449827097317950e+01 1.810690476033935568e+02 5.887274411814010477e+01 1.361800279042415127e+02 5.728001396647874088e+01 9.712878049270463521e+01 1.494824404403406959e+02 1.429475428260311105e+02 6.735725647619564427e+01 1.317952958189327717e+02 8.544003745317530374e+00 2.102379604162863913e+01 5.882176467941096831e+01 1.315484701545403823e+02
2.500000000000000000e+01 1.347330694373137305e+02 7.502666192761077468e+01 5.818934610390461870e+01 6.100000000000000000e+01 2.441311123146740414e+01 1.519901312585787707e+02 0.000000000000000000e+00 1.431362986806631170e+02 9.980981915623331702e+01 6.152235366108809700e+01 7.178439941937244839e+01 6.865857557508748243e+01 1.253993620398445188e+02 9.139474820797966004e+01 1.161034021895999331e+02 1.538440769090574918e+02 1.410319112825179104e+02 7.600657866263945550e+01 5.300943312279428454e+01 3.088689042296100240e+01 6.010823570859487575e+01 1.560128199860511415e+02 1.192015100575491857e+02 6.900000000000000000e+01 8.645229898620394238e+01 1.145862120850497377e+02 2.340939982143925135e+01 8.547514258543240828e+01 1.408012784032872275e+02 2.370653918225939449e+01 2.745906043549196340e+01 8.402380615040001999e+01 8.472307831990053728e+01 9.630160954002793972e+01 6.772001181334805153e+01 1.310457935227224198e+02 5.315072906367324634e+01 1.215935853571231746e+02 7.158910531638176167e+01 9.616652224137045835e+01 3.577708763999663688e+01 7.220110802473878664e+01 4.850773134253961416e+01 8.570297544426331626e+01 6.800735254367721438e+01 4.254409477236529824e+01 7.496665925596525426e+01 2.140093455903269515e+01 2.334523505985750447e+01 9.124143795447329808e+01 8.765842800324450934e+01 8.174350127074322359e+01 1.210619676033724517e+02 8.237718130647589021e+01 7.930952023559341058e+01 6.854195795277517789e+01 8.160882305241266010e+01 7.269112738154498743e+01 3.679673898594819548e+01 3.634556369077249371e+01 4.338202392696772591e+01 1.312440474840668685e+02 7.566372975210778407e+01 1.421724305201258005e+02 6.774215821775979407e+01 9.178779875342910088e+01 6.356886030125127007e+01 6.407807737440317908e+01 1.194738465104392589e+02 1.072054103112338197e+02 6.276941930590086116e+01 8.414867794564570147e+01 4.494441010848846219e+01 1.260158720161869184e+02 5.375872022286245056e+01 1.074243920159662764e+02 7.366138744281158779e+01 1.414849815351438735e+02 8.354639429682168839e+01 1.410319112825179104e+02 9.527329111561120101e+01 1.604244370412438059e+02 1.372770920437929476e+02 1.269212354178763889e+02 6.109828148156051242e+01 7.224956747275376756e+01 1.038123306741545093e+02 1.092016483392077788e+02 1.294681427996864329e+02 9.900505037623081250e+01 8.509406559801922754e+01 1.979898987322333070e+01 9.349331526906081535e+01 8.910667763978185008e+01 1.083374358197571468e+02 1.502331521336086553e+02 1.343316790634286804e+02 9.689685237405805651e+01 1.229308748850344699e+02
1.666523327169470008e+02 6.527633568147035703e+01 1.972029411545375410e+02 1.579177000845693613e+02 8.586617494683223129e+01 1.663370073074539732e+02 4.850773134253961416e+01 1.431362986806631170e+02 0.000000000000000000e+00 1.105350623105627932e+02 1.810994202089007103e+02 1.927615106809448093e+02 1.557241150239743774e+02 1.430000000000000000e+02 1.204200979903271786e+02 2.884441020371191300e+01 1.060000000000000000e+02 9.542536350467835859e+01 1.782273828568438603e+02 1.945507645834371999e+02 1.391186543925723811e+02 9.508417323613851124e+01 5.531726674375732244e+01 1.484755872189094816e+02 1.746224498740067475e+02 1.968603565982750183e+02 8.486459803710850736e+01 1.247878199184519730e+02 1.827840255602222896e+02 1.245351356043747160e+02 1.400357097314824273e+02 1.705109967128220205e+02 1.435687988387448968e+02 1.614001239156897327e+02 7.742092740338364365e+01 1.877711372921834254e+02 1.312440474840668685e+02 1.619783936208777106e+02 1.065692263273033262e+02 1.738073646310765525e+02 4.707440918375927907e+01 1.541168387944678670e+02 2.120778159072749531e+02 9.464142856064674447e+01 2.200658992211196789e+02 8.013114251026250656e+01 1.550032257728851164e+02 1.259364919314493250e+02 1.365650028374766407e+02 1.554252231782216143e+02 7.621679604916491257e+01 6.003332407921453751e+01 1.642010962204576856e+02 5.692099788303082875e+01 7.783315488916018410e+01 1.654871596227332589e+02 1.668831926827863583e+02 6.161168720299745161e+01 1.518551941818257376e+02 1.655113289173886244e+02 1.792344832893492139e+02 1.417391971192161009e+02 8.156592425762120513e+01 8.532877591996735589e+01 6.946221994724902515e+01 2.091530540059121392e+02 2.177452640127908694e+02 7.983107164506812126e+01 2.068284313144592659e+02 3.807886552931954327e+01 7.960527620704547758e+01 1.490369081804906557e+02 1.879707424042369439e+02 1.370109484676316072e+02 1.176435293588219366e+02 1.502065244921138571e+02 1.916350698593553261e+02 1.877711372921834254e+02 6.860029154456998413e+01 2.182567295640617715e+02 1.080462863776446483e+02 8.709190547921201642e+01 1.322422020385323265e+02 1.278162743941474702e+02 1.627882059609970611e+01 1.175457357797380951e+02 9.141115905621151683e+01 1.442671133696103425e+02 3.395585369269929288e+01 9.100549433962764567e+01 7.382411530116699794e+01 1.168118144709686419e+02 1.344618905117728787e+02 1.059481005020854525e+02 8.032434251209281229e+01 9.080198235721508127e+01 4.002499219237900263e+01 3.500000000000000000e+01 7.392563831310488354e+01 8.736131867136622020e+01
1.222988143850953264e+02 1.490134222142421550e+02 1.747712791050062719e+02 6.997142273814360180e+01 9.317188417113823107e+01 1.214331091589110230e+02 8.521150157109073575e+01 9.980981915623331702e+01 1.105350623105627932e+02 0.000000000000000000e+00 9.625487000666511506e+01 1.713971995103770780e+02 6.092618484691126923e+01 1.897076698502198155e+02 1.360147050873544394e+01 1.004489920307814685e+02 1.862525167615192174e+02 1.721859460002470712e+02 1.717236151494604428e+02 1.301383878799795184e+02 1.208304597359457233e+02 4.904079934095691584e+01 8.500588214941363674e+01 1.885656384392448217e+02 1.651696097955068865e+02 1.013903348450926103e+02 1.475804865149861200e+02 1.008067458060223203e+02 8.354639429682168839e+01 1.892326610286924051e+02 1.159482643250859581e+02 1.176435293588219366e+02 3.962322551231790158e+01 5.854912467321778990e+01 1.271219886565656338e+02 1.671406593262094304e+02 1.869037185290865182e+02 1.486775033419649503e+02 1.663881005360659913e+02 8.005623023850174036e+01 8.105553651663777259e+01 8.203657720797473019e+01 1.666043216726384912e+02 7.922752047110903106e+01 1.833821147222378443e+02 9.588013350011564739e+01 7.789736837660178992e+01 1.454166427889187787e+02 1.115706054478508236e+02 9.340770846134702765e+01 3.753664875824691904e+01 6.300793600809345918e+01 6.315061361538777618e+01 1.330037593453658644e+02 1.132960723061483748e+02 1.694343530692639774e+02 7.353910524340093957e+01 7.653757247260980989e+01 5.442425929675111007e+01 9.476286192385707352e+01 1.230650234632082629e+02 1.318483977907960707e+02 4.491102314577123877e+01 4.016217125604640614e+01 6.239390995922598648e+01 1.602404443328836976e+02 1.914079413190581249e+02 7.253275122315436363e+01 1.531535177526131690e+02 7.247068372797374991e+01 1.381918955655504533e+02 1.499666629621396794e+02 1.809447429465691926e+02 1.301153334545932694e+02 1.759147520817967063e+02 1.440138882191575362e+02 8.528774824088158368e+01 9.693296652842107619e+01 6.228964600958974529e+01 1.811573901335520986e+02 1.797887649437528239e+02 1.338992158304147893e+02 2.052949098248663233e+02 1.889047378971739874e+02 9.847334664770970392e+01 3.894868418830089496e+01 3.765634076752546378e+01 1.761391495380853769e+02 8.841379982785493041e+01 1.620123452086290854e+02 3.720215047547655018e+01 1.627882059609970611e+01 1.084158659975559118e+02 1.460308186651023448e+02 3.420526275297414287e+01 1.469319570413461804e+02 8.910667763978185008e+01 8.000624975587844290e+01 3.764306044943742080e+01 1.552353052626882288e+02
6.332456079595025500e+01 1.888544413033487501e+02 1.151173314492652793e+02 2.640075756488817049e+01 1.129247537079448307e+02 6.239390995922598648e+01 1.739022714055224696e+02 6.152235366108809700e+01 1.810994202089007103e+02 9.625487000666511506e+01 0.000000000000000000e+00 1.137717012266231364e+02 3.623534186398687496e+01 1.868689380287692359e+02 8.300602387778853597e+01 1.585339080449352878e+02 2.128497122384711986e+02 1.994617757867406453e+02 1.278123624693636629e+02 4.414748010928823163e+01 9.167878707749137845e+01 8.602325267042627388e+01 1.756843760839306867e+02 1.804050997061890200e+02 1.209049213225003570e+02 2.523885892824792521e+01 1.724093964956666696e+02 8.324061508662703091e+01 3.106444913401813324e+01 2.017919720900710274e+02 8.450443775329198104e+01 5.154609587543949090e+01 6.020797289396147534e+01 4.687216658103186262e+01 1.525024589965683219e+02 1.116109313642709395e+02 1.924629834539618685e+02 1.077868266533531454e+02 1.818185909086306822e+02 2.102379604162863913e+01 1.359448417557650544e+02 2.954657340538831534e+01 8.828363381737297289e+01 9.551963149007642073e+01 1.089036271204958553e+02 1.197747886660627756e+02 2.647640458974745314e+01 1.364880947189167841e+02 8.280700453464066868e+01 3.818376618407356915e+01 1.106435718873898253e+02 1.210660976491767542e+02 4.134005321718877468e+01 1.736922565919390706e+02 1.373207923076472809e+02 1.359595528089144523e+02 2.483948469674844262e+01 1.226417547167358464e+02 4.327817001676480402e+01 2.483948469674844262e+01 4.949747468305832854e+01 1.036001930500131891e+02 1.397139935725838313e+02 9.741663102366042892e+01 1.556663097783203682e+02 8.041144197189849763e+01 1.240161279834199632e+02 1.055367234662892173e+02 7.083078426785912995e+01 1.485698488927009748e+02 1.641767340398754413e+02 1.220368796716795714e+02 1.335215338437961350e+02 1.058914538572400517e+02 1.869465164157920469e+02 1.123610252712211661e+02 5.400925846556310717e+01 1.252996408614166768e+01 1.553222456700906662e+02 1.067941945987702042e+02 2.008108562802320307e+02 1.533231880701676459e+02 2.212984410247844380e+02 1.984943324127920903e+02 1.652452722470449373e+02 6.628725367670620017e+01 9.154780172128657512e+01 1.649242250247064305e+02 1.486606874731850496e+02 1.878004259846073865e+02 1.167090399240778567e+02 8.049844718999243298e+01 8.132035415564789105e+01 1.540129864654276446e+02 1.068877916321597468e+02 1.670568765420926809e+02 1.751370891616050471e+02 1.615054178657793500e+02 1.153169545210070197e+02 1.809668477926274761e+02
5.308483775994798748e+01 1.603309078125612075e+02 4.472135954999579610e+00 1.230650234632082629e+02 1.080740486888503682e+02 5.408326913195983821e+01 2.135649784023588325e+02 7.178439941937244839e+01 1.927615106809448093e+02 1.713971995103770780e+02 1.137717012266231364e+02 0.000000000000000000e+00 1.352368293032633915e+02 1.091421091971380264e+02 1.631747529491005650e+02 1.639176622576102886e+02 1.610000000000000000e+02 1.523975065412817003e+02 2.529822128134703618e+01 7.523961722390671980e+01 5.590169943749474157e+01 1.282809416865966057e+02 2.186343980255622910e+02 9.876234100101110869e+01 2.302172886644267535e+01 1.372770920437929476e+02 1.327742444904131105e+02 7.500000000000000000e+01 1.441284149638786403e+02 1.369379421489895208e+02 5.800862004909270553e+01 6.312685640834651934e+01 1.540422020097090012e+02 1.511191582824626494e+02 1.237133784196357595e+02 5.000000000000000000e+00 1.224826518328207925e+02 3.088689042296100240e+01 1.270983870865401713e+02 1.314610208388783121e+02 1.498032042380936559e+02 1.002447006080620753e+02 4.301162633521313694e+01 1.063014581273464927e+02 3.423448553724738019e+01 1.130044246921331847e+02 1.071680922663084488e+02 7.629547824084990282e+01 6.242595614005443139e+01 8.528774824088158368e+01 1.583729774930054077e+02 1.478681845428556016e+02 1.470136048126159096e+02 1.521610988393551338e+02 1.167261752992875188e+02 4.295346318982905842e+01 1.310610544746226367e+02 1.366199107011858587e+02 1.406022759417499515e+02 9.308598175880189274e+01 6.432728814430156206e+01 5.103920062069938268e+01 1.997198037251188509e+02 1.434224529144582618e+02 2.084034548657963057e+02 4.810405388322277531e+01 2.505992817228333536e+01 1.216963434126103891e+02 5.608029957123981291e+01 1.789105921962140258e+02 1.298075498574716846e+02 4.805205510693585325e+01 2.408318915758459156e+01 5.575840743780259601e+01 1.251439171514141151e+02 4.346262762420145975e+01 1.673230408521193340e+02 1.257179382586271998e+02 2.076078033215514722e+02 3.354101966249684352e+01 1.460034246173698591e+02 1.170469991071962568e+02 1.551934276958918133e+02 1.312402377321833455e+02 1.778594951077956807e+02 1.328533025558642180e+02 1.411559421349310526e+02 8.551023330572779457e+01 1.612079402510930777e+02 1.430139853301067774e+02 1.661475248085267253e+02 1.568693724090206274e+02 6.545991139621256139e+01 1.035760590097924165e+02 1.570000000000000000e+02 1.243382483389564186e+02 2.100690362714124433e+02 1.937937047481161130e+02 1.639329131077710144e+02 1.387551800834837366e+02
8.215229759416348543e+01 1.744849563716024079e+02 1.375245432641025047e+02 1.264911064067351809e+01 1.013163362938080212e+02 8.115417426109392807e+01 1.421442928857856032e+02 6.865857557508748243e+01 1.557241150239743774e+02 6.092618484691126923e+01 3.623534186398687496e+01 1.352368293032633915e+02 0.000000000000000000e+00 1.884807682497076371e+02 4.742362280551750331e+01 1.366235704408283880e+02 2.040441128775834159e+02 1.900315763235152531e+02 1.438923208513922134e+02 7.615773105863908654e+01 9.867117106835208062e+01 6.315853069855251078e+01 1.431991620087212596e+02 1.838831150486634556e+02 1.368247053715081165e+02 4.204759208325727826e+01 1.629355700883020859e+02 8.363013810822029370e+01 2.720294101747088789e+01 1.979520143873257041e+02 9.176055797563569172e+01 7.299315036357863562e+01 2.404163056034261459e+01 1.612451549659709826e+01 1.418731828077455930e+02 1.320605921537534186e+02 1.910104709171724835e+02 1.214948558581802729e+02 1.762413118425983498e+02 1.941648783894759944e+01 1.138859078200634940e+02 3.501428280002319582e+01 1.181058846967415121e+02 8.287943049997387845e+01 1.375681649219760345e+02 1.072986486401389925e+02 2.807133769523639799e+01 1.383112432161608467e+02 8.854377448471461776e+01 5.000999900019994726e+01 8.109870529176158982e+01 9.684007434941383963e+01 1.341640786499873883e+01 1.584739726264221531e+02 1.262537128166930387e+02 1.479594539054534437e+02 1.264911064067351809e+01 1.024597481941079167e+02 7.071067811865475505e+00 4.368065933568311010e+01 7.500000000000000000e+01 1.113193604006059729e+02 1.053043208990020503e+02 7.040596565632773718e+01 1.220040982918196875e+02 1.106932698947862832e+02 1.500299970005998489e+02 8.798295289429651689e+01 1.019803902718556969e+02 1.204159457879229507e+02 1.539123126978475398e+02 1.309427355755179008e+02 1.513307635611477338e+02 1.120089282155668116e+02 1.832211778152296517e+02 1.222620137246234009e+02 4.244997055358224713e+01 3.605551275463989214e+01 1.217538500417953884e+02 1.353587825004347565e+02 1.937524193397336774e+02 1.449724111684702450e+02 2.166702563805193904e+02 1.956859729260122549e+02 1.406875971789979758e+02 3.832753579347360073e+01 6.432728814430156206e+01 1.690473306503240849e+02 1.255746789762968092e+02 1.785497129653251420e+02 8.602325267042627388e+01 4.588027898781784586e+01 8.603487664894976206e+01 1.500833101980363438e+02 7.705841939723393352e+01 1.591131672741134366e+02 1.443468046061290408e+02 1.320037878244408489e+02 8.500000000000000000e+01 1.714934401077778716e+02
1.298075498574716846e+02 8.300602387778853597e+01 1.125877435603005523e+02 1.805685465411958148e+02 9.654014708917736698e+01 1.304185569618066154e+02 1.840923681199196267e+02 1.253993620398445188e+02 1.430000000000000000e+02 1.897076698502198155e+02 1.868689380287692359e+02 1.091421091971380264e+02 1.884807682497076371e+02 0.000000000000000000e+00 1.891718795170149008e+02 1.200708124399930909e+02 6.083584469702051933e+01 5.903388857258176614e+01 8.395236744726142319e+01 1.658945448168805683e+02 9.546203433826454443e+01 1.417603611733547950e+02 1.909057359012557242e+02 1.104536101718726115e+01 8.668333173107734524e+01 2.118513629882989449e+02 5.818075283115542362e+01 1.054371850914088071e+02 2.096115454835444041e+02 3.162277660168379256e+01 1.025329215423026881e+02 1.414955829699287904e+02 1.955632889885011139e+02 2.032953516438583108e+02 6.972087205421343015e+01 1.060424443324464363e+02 1.655294535724684835e+01 8.900561780022651703e+01 3.744329045369811126e+01 1.958009193032555686e+02 1.223315167894193962e+02 1.602404443328836976e+02 1.499399879951976118e+02 1.119464157532522393e+02 1.431782106327635233e+02 9.420191080864549349e+01 1.664001201922642963e+02 5.060632371551997721e+01 1.040624812312295404e+02 1.487346630748864698e+02 1.579177000845693613e+02 1.340932511351708456e+02 2.018539075668340956e+02 8.633075929238663093e+01 7.902531240052138628e+01 6.621933252457321828e+01 1.917002869064102413e+02 1.181058846967415121e+02 1.902761151589972997e+02 1.620524606416082918e+02 1.486001345894410690e+02 8.438601779915912005e+01 1.940103090044443945e+02 1.498332406377169832e+02 1.930388561922184749e+02 1.528463280553379775e+02 1.287633488225589815e+02 1.172774488126340486e+02 1.578765340384694298e+02 1.525942331806808454e+02 6.389053137985315090e+01 6.911584478250989605e+01 8.856635930193812101e+01 8.134494452638098494e+01 2.758622844826744469e+01 7.877182237323191316e+01 2.302020851339101171e+02 1.990602923739438381e+02 1.920442657305861758e+02 1.426359001093343295e+02 4.716990566028302112e+01 6.029925372672533967e+01 4.700000000000000000e+01 2.529822128134703618e+01 1.347664646712972001e+02 1.628557644051938382e+02 1.520822146077574644e+02 2.416609194718914466e+01 1.259364919314493250e+02 5.608029957123981291e+01 1.634411208967926825e+02 1.821867174082677252e+02 1.056456340792178707e+02 4.418144406874904462e+01 1.593894601283284373e+02 5.249761899362675166e+01 1.770790783802536055e+02 1.635726138447386973e+02 1.615239920259525945e+02 5.714017850864661341e+01
1.127297653683356202e+02 1.543113735276826617e+02 1.663550420035413424e+02 5.685947590331799972e+01 9.304837451562494266e+01 1.118257573191436052e+02 9.802040603874276314e+01 9.139474820797966004e+01 1.204200979903271786e+02 1.360147050873544394e+01 8.300602387778853597e+01 1.631747529491005650e+02 4.742362280551750331e+01 1.891718795170149008e+02 0.000000000000000000e+00 1.078007421124734151e+02 1.900657780874821299e+02 1.758891696495267354e+02 1.652210640324047688e+02 1.181397477566293048e+02 1.147388338793801807e+02 4.743416490252568707e+01 9.812746812182611222e+01 1.872431574183686962e+02 1.584929020492716063e+02 8.780091115700336957e+01 1.504160895649132215e+02 9.518928511129810488e+01 7.003570517957251695e+01 1.909607289470795877e+02 1.093297763649043617e+02 1.071867529128483341e+02 2.617250465660480074e+01 4.517742799230607176e+01 1.294951736552370392e+02 1.591005971076161529e+02 1.875526592720028702e+02 1.420422472365176247e+02 1.681546906868791496e+02 6.648308055437864539e+01 8.704596486914255138e+01 7.043436661176133384e+01 1.558717421471897069e+02 7.736924453553879744e+01 1.732801200368928676e+02 9.666436778875657865e+01 6.579513659838391959e+01 1.430279692927226165e+02 1.050761628534274195e+02 8.268010643437754936e+01 4.494441010848846219e+01 6.862215385719105143e+01 4.964876634922563881e+01 1.381050324933888760e+02 1.149478142462917845e+02 1.642467655693712629e+02 6.000833275470998984e+01 8.043009387039157332e+01 4.085339643163099055e+01 8.287943049997387845e+01 1.120714058089752001e+02 1.263210196285638034e+02 5.846366392897386532e+01 4.280186911806539030e+01 7.580237463298890077e+01 1.492648652563623273e+02 1.822580588067369831e+02 7.334848328356899572e+01 1.418203088418580364e+02 8.263776376451627925e+01 1.409822683886168591e+02 1.450551619212498053e+02 1.741551032843998996e+02 1.250639836243832406e+02 1.771919862747748482e+02 1.384377116251204143e+02 7.283543093852057382e+01 8.338465086573187079e+01 7.566372975210778407e+01 1.710467772277513632e+02 1.826499384067785456e+02 1.355064574107079238e+02 2.077618829333234487e+02 1.901841213140571369e+02 1.074243920159662764e+02 3.059411708155671050e+01 3.858756276314947797e+01 1.741551032843998996e+02 9.580187889597991102e+01 1.653027525481653868e+02 4.661544808322666000e+01 7.071067811865475505e+00 1.019656805008430212e+02 1.461848145328371515e+02 4.104875150354758517e+01 1.490033556669110624e+02 1.014938421777400208e+02 9.144397191723464857e+01 4.651881339845203200e+01 1.583824485225556771e+02
1.390143877445784426e+02 5.220153254455274805e+01 1.683597339033297544e+02 1.370328427786565442e+02 5.738466694161429160e+01 1.387515765676195940e+02 6.413267497929585659e+01 1.161034021895999331e+02 2.884441020371191300e+01 1.004489920307814685e+02 1.585339080449352878e+02 1.639176622576102886e+02 1.366235704408283880e+02 1.200708124399930909e+02 1.078007421124734151e+02 0.000000000000000000e+00 9.314504817756014177e+01 8.041144197189849763e+01 1.495760676044132538e+02 1.683151805393678728e+02 1.104626633754591296e+02 7.376313442364011053e+01 7.102112361825881237e+01 1.243100961306039665e+02 1.458663772087316772e+02 1.763235662071295451e+02 6.338769596696191400e+01 9.676776322722355417e+01 1.638108665504215082e+02 1.060047168761843324e+02 1.116154111222997756e+02 1.435618333680647822e+02 1.280156240464420705e+02 1.445060552364502087e+02 5.147815070493500400e+01 1.589276564981690001e+02 1.101680534456336886e+02 1.331352695569434843e+02 8.558621384311844338e+01 1.535740863557390696e+02 2.280350850198275836e+01 1.303840481040529653e+02 1.838722382525431840e+02 6.774215821775979407e+01 1.914079413190581249e+02 5.142956348249516196e+01 1.320984481362290524e+02 9.808159868191383168e+01 1.082681855394279751e+02 1.300961183125768628e+02 6.312685640834651934e+01 4.024922359499621649e+01 1.465400969018377566e+02 3.847076812334268681e+01 4.957822102496216132e+01 1.372078714943133377e+02 1.468400490329528623e+02 3.605551275463989214e+01 1.337011593068661455e+02 1.410319112825179104e+02 1.524106295505664548e+02 1.128981842192335705e+02 8.321658488546619026e+01 6.753517601961218020e+01 7.679192665899195447e+01 1.811987858678970156e+02 1.889047378971739874e+02 5.400925846556310717e+01 1.792707449641463313e+02 3.613862199918530393e+01 5.629387178015027615e+01 1.204159457879229507e+02 1.593643623900902071e+02 1.081665382639196764e+02 9.674709297958258958e+01 1.214001647445340097e+02 1.753282635515449215e+02 1.663069451345914160e+02 7.580237463298890077e+01 1.896206739783402497e+02 9.144397191723464857e+01 6.132699242584785537e+01 1.170982493464355798e+02 1.082266141020775052e+02 1.526433752247374720e+01 9.843271813782244806e+01 7.334848328356899572e+01 1.185116028074888561e+02 1.204159457879229578e+01 7.317103251970686983e+01 6.370243323453194506e+01 1.029028668210949320e+02 1.062826420446913858e+02 8.005623023850174036e+01 6.684309986827361172e+01 6.768308503607086379e+01 5.700877125495689768e+01 4.410215414239988974e+01 6.293647591023825072e+01 6.800000000000000000e+01
