0.000000000000000000e+00 7.623647421018367822e+02 1.108873302050328959e+02 3.500357124637428115e+02 4.118859065323794653e+02 2.000000000000000000e+00 8.848163651289457903e+02 5.000000000000000000e+01 3.333046654338940016e+02 6.114940719254766464e+02 3.166228039797512679e+02 1.061696755198959750e+02 1.643045951883269709e+02 2.596150997149433692e+02 5.636488268416781011e+02 2.780287754891568852e+02 8.332616635847350608e+02 3.096126612398142584e+02 1.290271289303144897e+02 1.833712082089224964e+02 1.850000000000000000e+02 1.699176271020755564e+02 3.620220987729892954e+02 2.438360104660507375e+02 1.151694403911037483e+02 4.407096549884061574e+02 2.592682009040059938e+02 8.515867542417507252e+01 1.848350616089923619e+02 2.996664812754339664e+02 6.315061361538777618e+01 2.441311123146740414e+01 5.070749451511088068e+02 1.960918152294990477e+02 5.672080746956975190e+02 1.000199980003998945e+02 6.911584478250989605e+02 2.247220505424423038e+02 2.659323222175145816e+02 1.584929020492716063e+02 2.399416595758227118e+02 2.358495283014150914e+02 9.440338976964757478e+01 1.444714504668656048e+02 1.228006514640700146e+02 1.782133552795637002e+02 1.081665382639196764e+02 1.637681287674741668e+02 6.612110101926616323e+01 1.612451549659709826e+02 2.322068043791998662e+02 2.247576472558831426e+02 1.880106379968963211e+02 7.000178569150932617e+02 2.020000000000000000e+02 1.464923206178399084e+02 1.566269453191244452e+02 5.273755777432246532e+02 1.751456536714514129e+02 8.121576201698781006e+01 3.773592452822641263e+01 9.158602513484248675e+01 3.114482300479487549e+02 2.009975124224177989e+02 8.351347196710240723e+02 8.588364221433555201e+01 3.482097069296030440e+02 1.754536975956904712e+02 2.013082213919739445e+02 2.885064990602464832e+02 2.466414401514879273e+02 3.076117683054404779e+02 1.412232275512778301e+02 2.482438317461281940e+02 6.775876327088622020e+02 1.032472759931224573e+02 2.310411218809327067e+02 3.788469347902923232e+02 8.317601817831869084e+02 1.184060809249254760e+02 7.642807075937479340e+02 2.212871437747796506e+02 8.476585397434512288e+02 2.909982817818689682e+02 3.010913482649410184e+02 4.167733196834941509e+02 1.937524193397336774e+02 5.320244355290459453e+02 6.642665127793211468e+02 2.871724220742653415e+02 6.192132104533945949e+02 2.137849386650051144e+02 1.700735135169495038e+02 2.100095235935742153e+02 2.277279078198366165e+02 2.449653036656415850e+02 8.755712421042619553e+02 3.183080269173242414e+02 6.087692502089769278e+02 6.876954267697292380e+02
7.623647421018367822e+02 0.000000000000000000e+00 3.294237392781521976e+02 8.591420138719792021e+02 3.798025802966588458e+02 3.051098162957068780e+02 5.608029957123981148e+02 2.694661388746274611e+02 1.305526713629407141e+02 2.980268444284843099e+02 3.777088826066975003e+02 3.206618156251224150e+02 3.489699127432048158e+02 1.660120477555770719e+02 3.086227470553653234e+02 1.044030650891054961e+02 8.287339742040263957e+01 6.029925372672533967e+01 2.797284397411174837e+02 3.742138426087415723e+02 2.340000000000000000e+02 5.630719314616917472e+02 2.383023289856815552e+02 1.813725447800741506e+02 2.770415131347646707e+02 4.204045670541651134e+02 5.730619512757760958e+01 2.232576986354557960e+02 1.004153872670916826e+03 1.201665510863984139e+02 2.422973379961075864e+02 3.210295936514264667e+02 8.547075523241852579e+02 9.260264575053997760e+02 7.810249675906653977e+01 3.114161203277698178e+02 3.448187929913333392e+02 2.612278698760911197e+02 9.121403400793103344e+01 9.441398201537735986e+02 1.360147050873544288e+02 3.186534167398805835e+02 9.533624704172070778e+02 1.870401026518109973e+02 3.851752847730497820e+02 1.381593283133643411e+02 3.259263720535667517e+02 1.688668114224935550e+02 2.388388578100305608e+02 7.720103626247512238e+02 5.580322571321481746e+02 1.721046193453272792e+02 9.306583691129629869e+02 3.255764119219941222e+01 1.047854951794378877e+02 6.178389757857625000e+02 3.654093594860427174e+02 1.485530208376793553e+02 8.655200748682840413e+02 3.345743564590687242e+02 8.471717653463199440e+02 2.272707636278806547e+02 6.770893589475468843e+02 2.234636435754147499e+02 6.415995635908740269e+02 3.803366929445540450e+02 3.695294304923492632e+02 1.730664612222714993e+02 3.820209418343449670e+02 4.411632350955823085e+02 6.118823416311342100e+01 2.247220505424423322e+02 2.967692706464063690e+02 5.427936993002036843e+02 1.115168148756051920e+02 2.349553149005146508e+02 4.317452952841524620e+02 3.974166579296846749e+02 2.546919708196550118e+02 3.824604554721964860e+02 8.590692637965811684e+01 2.178302091079196430e+02 3.351492204973778257e+02 3.203903868720158812e+02 3.140063693621516450e+02 6.920260110718381839e+02 2.333838040653207031e+02 1.820988742414405976e+02 3.153569406244295692e+02 5.458937625582472464e+01 2.274818674092508957e+02 7.425967950375223836e+02 2.374278837878988497e+02 1.155508546052343206e+02 2.296170725359941400e+02 7.424284477308233932e+01 2.080865204668481283e+02 1.884038216172909870e+02 5.630275304103698772e+02 5.234500931320960149e+01
1.108873302050328959e+02 3.294237392781521976e+02 0.000000000000000000e+00 6.262786919575022466e+02 5.622277118748238536e+02 1.128716084761797021e+02 1.088967400797654818e+03 1.500533238552215494e+02 3.944058823090750820e+02 8.738563955250313029e+02 2.302346628985305586e+02 2.236067977499789805e+01 2.750490865282050095e+02 5.629387178015027757e+02 8.317752100177067405e+02 3.367194678066595088e+02 8.250606038346517153e+02 7.827036476214992717e+02 1.431782106327635233e+02 3.780542289143186281e+02 3.005411785429743645e+02 2.641514716975848955e+02 4.456590625130381227e+02 2.042155723739010114e+02 5.403702434442518410e+01 2.765863337187865909e+02 2.742043033943851356e+02 1.580506248010427726e+02 2.913485884640596737e+02 2.813965173913849185e+02 1.240161279834199632e+02 3.250000000000000000e+02 3.134134649309119709e+02 3.066528982416438680e+02 2.563201123595259219e+02 4.716990566028301402e+01 2.523014070511696616e+02 7.071067811865475505e+01 2.623737791777219286e+02 2.663681662661662699e+02 3.083180176376333748e+02 5.129571132170797227e+02 8.221921916437786138e+01 2.209072203437452231e+02 6.118823416311342100e+01 5.870689908349784218e+02 2.189155088156158797e+02 1.612079402510930777e+02 1.328006024082722263e+02 4.384632253678750544e+02 3.245797282641046309e+02 7.603453162872774556e+02 2.982415128716993422e+02 3.132091952673164883e+02 6.059909240244444391e+02 9.305912099305473362e+01 2.660000000000000000e+02 2.818581203371653601e+02 2.860279706602135548e+02 4.750000000000000000e+02 3.281005943304583639e+02 1.109414259868693051e+02 4.071559897631373701e+02 2.945505050072058566e+02 4.248482081873477796e+02 2.337733945512192122e+02 4.118252056394800320e+01 2.517935662402834396e+02 2.760887538455704657e+02 3.663495598468762751e+02 2.684026825499328197e+02 2.619637379485947122e+02 5.215361924162119323e+01 3.010398644698073554e+02 2.581240012087213813e+02 9.585405573057407480e+01 3.377158568974812169e+02 6.346061770893819585e+02 1.058170591161935590e+03 6.016643582596529427e+01 3.000066665925942289e+02 6.072890580275590082e+02 7.941190087134294799e+02 6.747592163134935390e+02 9.114000219442613115e+02 2.722498852157701208e+02 7.245860887430836783e+02 4.455333881989092788e+02 3.312038647117512369e+02 2.944622216855669876e+02 8.503675675847473485e+02 8.005623023850173468e+02 1.388092215956850737e+02 5.393514624064720238e+02 8.043164800002546144e+02 2.573091525772062482e+02 4.286956962695100515e+02 3.961413889004783186e+02 8.393151970505477948e+02 2.860559385854452330e+02
3.500357124637428115e+02 8.591420138719792021e+02 6.262786919575022466e+02 0.000000000000000000e+00 4.854121959736900180e+02 1.380144919926889315e+02 7.403546447480423467e+02 1.163786922078092374e+02 7.895885004228467778e+02 3.498571136907179948e+02 1.320037878244408489e+02 6.153251173160413146e+02 2.529822128134703618e+01 3.611370930823916297e+02 1.137189518066359994e+02 2.740656855573130883e+02 3.988884555862703678e+02 3.712034482598457998e+02 2.650358466321112587e+02 1.276244490683505290e+02 1.775387281693771797e+02 1.266964877176948363e+02 2.992924990707251141e+02 3.508902962465619453e+02 2.508944000969332251e+02 7.858753081755399705e+01 3.168090907786580601e+02 3.758324094593226619e+02 5.946427498927402411e+01 3.833797073398642965e+02 1.634135857265239622e+02 1.210619676033724517e+02 7.161005515987262982e+01 5.614267539047279598e+01 2.752744085453640537e+02 2.400000000000000000e+02 3.679836952909734578e+02 2.208438362282271044e+02 3.408988119662490135e+02 3.400000000000000000e+01 2.284731931759172596e+02 4.638965401897280572e+01 2.109502310972898727e+02 1.575436447464638263e+02 6.245998719180144008e+02 2.069299398347179704e+02 8.062257748298549132e+01 2.601691757299469145e+02 3.939543120718441287e+02 7.623647421018367254e+01 1.707512811079319590e+02 4.907647094076753547e+02 4.816637831516918311e+01 3.121666221747610166e+02 6.103277807866851390e+02 6.868041933477110206e+02 5.656854249492380404e+01 2.036663938896154775e+02 3.847076812334268681e+01 6.209669878504009688e+01 3.118092365533772750e+02 5.069516742254630799e+02 5.665906811799854950e+02 1.460547842420781421e+02 2.587121953059036059e+02 1.961733926912617676e+02 2.749618155308114638e+02 4.300290687848904554e+02 1.788854381999831844e+02 2.480322559668399265e+02 2.992323511921797490e+02 2.418098426450007139e+02 2.794065138825507120e+02 2.049194963882158333e+02 3.537343636120189103e+02 2.238928315065044785e+02 9.947864092356709875e+01 6.000000000000000000e+01 2.580542578606289794e+02 2.454220853957524469e+02 3.770411118167354516e+02 2.798928366357381492e+02 4.214356415871823174e+02 3.781904282236661743e+02 7.120568797504872691e+02 8.209750300709517035e+01 1.340149245420076340e+02 8.018883962248112311e+02 6.324752959602453757e+02 3.480229877464993251e+02 1.821647605877712124e+02 1.082404730218784721e+02 3.824264635194588777e+02 7.181399585039116573e+02 1.629969324864734972e+02 3.080584360149872509e+02 2.992524018282894076e+02 2.728882555186280001e+02 1.796106901050157489e+02 3.340059879702757826e+02
4.118859065323794653e+02 3.798025802966588458e+02 5.622277118748238536e+02 4.854121959736900180e+02 0.000000000000000000e+00 1.644019464604966174e+02 2.140093455903269728e+02 1.220000000000000000e+02 1.717323498936644626e+02 1.863437683422764621e+02 2.258495074158896614e+02 5.403702434442518552e+02 2.026326725876160424e+02 1.930802941783547340e+02 1.860967490312498853e+02 2.869233347080714793e+02 2.054555913086815906e+02 1.774598546150649838e+02 1.936594949905632745e+02 5.700219294027205024e+02 2.666927070618917242e+02 9.138927727036690385e+01 5.632273075766124748e+02 1.912694434560837067e+02 1.841955482632520216e+02 2.694364489077155440e+02 3.080990100600779442e+02 1.990602923739438097e+02 2.532113741521103236e+02 1.975854245636554936e+02 1.084619749036499883e+02 1.762838619953624573e+02 2.052997808084558073e+02 2.277981562699750953e+02 8.121576201698781006e+01 5.153882032022075919e+02 1.890819927967758645e+02 1.556663097783203682e+02 3.813790765104976686e+02 5.699561386633184839e+02 2.088659857420542210e+02 1.667693017314637416e+02 2.530612574061861437e+02 3.687817782917154830e+01 2.684771871127973668e+02 1.414213562373095101e+01 1.744133022449835835e+02 1.094897255453679605e+02 1.018430164517921241e+02 3.942714800743264050e+02 1.263962024745996899e+02 8.692525524840291951e+01 2.277279078198366165e+02 1.222620137246234009e+02 5.000000000000000000e+01 4.385487430149584043e+02 5.411330705103874834e+02 5.882176467941096831e+01 2.022374841615668402e+02 1.829644774266305376e+02 1.942575609854092704e+02 1.146298390472567945e+02 2.056793621149190585e+02 2.673013280924731703e+02 2.132416469641894423e+02 2.480806320533709197e+02 2.656012048165444526e+02 1.051189802081431992e+02 2.451530134426252516e+02 1.440138882191575362e+02 1.052615789355261313e+02 3.439840112563373395e+02 5.341348144429456397e+02 1.060754448494089530e+02 4.229952718411873889e+02 1.347145129523912885e+02 2.872559834015646629e+02 2.459674775249768572e+02 5.285120623032174763e+02 2.648244701684495226e+02 1.855262784621089622e+02 8.809086218218095610e+01 2.332123495872377816e+02 4.876474136094643654e+02 1.406556077801379274e+02 1.381303731986560592e+02 1.110855526159905224e+02 4.200000000000000000e+02 1.065082156455547846e+02 3.861670622929925685e+02 1.394417441084268603e+02 1.723252738283041197e+02 9.808159868191383168e+01 1.062826420446913858e+02 3.200390601161051904e+02 2.906888370749726960e+02 2.054555913086815906e+02 4.327817001676480686e+02 3.380088756231114075e+02 1.403566884761820006e+02
2.000000000000000000e+00 3.051098162957068780e+02 1.128716084761797021e+02 1.380144919926889315e+02 1.644019464604966174e+02 0.000000000000000000e+00 8.820005668932418530e+02 4.882622246293480828e+01 3.326740146149079465e+02 2.428662183178220459e+02 1.247878199184519730e+02 1.081665382639196764e+02 1.623083485221878561e+02 2.608371139236132308e+02 2.236515146382872103e+02 2.775031531352391880e+02 3.339461034358688494e+02 3.101612483854164566e+02 3.272995569810627785e+02 1.812456896039185779e+02 7.467261881037788385e+01 1.685823241030921338e+02 9.021086409075128358e+02 2.451530134426252516e+02 1.170469991071962568e+02 1.744706279005150975e+02 6.491918052471088458e+02 8.485281374238570606e+01 4.572198595861732429e+02 7.514818693754361902e+02 6.356099432828281692e+01 2.280350850198275836e+01 2.008780724718355088e+02 1.940927613281855599e+02 2.270682716717595611e+02 1.020196059588547968e+02 6.937759004174187112e+02 9.158602513484248675e+01 2.666608332695298600e+02 3.913118960624631768e+02 5.980802621722272079e+02 9.234717104492156636e+01 9.560334722173695354e+01 3.593396721766190467e+02 3.110064308016797554e+02 4.447752241301217282e+02 1.061696755198959750e+02 1.647300822557920128e+02 1.656804152578089315e+02 1.562849960808778462e+02 2.308679276123039017e+02 2.237856116911898425e+02 1.860107523773827438e+02 2.800285699709942264e+02 2.020099007474633765e+02 1.481890684227416273e+02 1.546350542406216562e+02 2.102189334955345998e+02 1.731588865753068944e+02 1.981161275615895079e+02 3.671511950137163893e+01 2.316246964380093800e+02 3.099741924741477419e+02 1.996496932128872572e+02 8.317601817831869084e+02 2.170829334609240959e+02 1.411523999087511072e+02 1.746424919657298176e+02 2.026079958935480931e+02 2.875134779449478515e+02 2.469412885687608252e+02 1.244507934888323604e+02 3.579455265819087799e+02 1.002397126891333414e+02 2.719117503897174402e+02 2.616295090390225937e+02 5.727128425310540933e+02 1.496930192093138317e+02 8.284020762890445440e+02 1.200000000000000000e+02 3.064245420980506083e+02 5.540983667184013939e+02 3.400000000000000000e+02 2.919794513317675069e+02 3.004330208216134110e+02 1.649848477891227390e+02 1.923330444827409167e+02 2.141121201613771348e+02 2.650358466321112587e+02 2.876803781977491781e+02 2.463331078032346113e+02 2.120094337523686647e+02 1.700000000000000000e+02 2.106845983929532622e+02 5.658621740318043294e+02 2.454465318557180069e+02 3.491819010200843536e+02 3.172948155895396667e+02 2.421652328473267914e+02 6.888396039717810027e+02
8.848163651289457903e+02 5.608029957123981148e+02 1.088967400797654818e+03 7.403546447480423467e+02 2.140093455903269728e+02 8.820005668932418530e+02 0.000000000000000000e+00 3.039802625171575414e+02 2.425386567126980708e+02 1.704230031421814715e+02 8.695113570276123482e+02 4.271299568047176649e+02 2.842885857715712064e+02 3.681847362398392534e+02 4.901020301937138015e+02 1.282653499585917132e+02 3.069397334982879215e+02 2.840633732109790799e+02 1.019141795826272755e+03 3.954592267225535238e+02 3.153727952756863715e+02 4.673863498220717361e+02 3.500000000000000000e+01 3.758510343207798314e+02 9.948869282486326711e+02 3.681793041440542424e+02 2.548489748851268075e+02 2.790340481016608578e+02 3.345982665824794822e+02 3.389985250705377098e+02 3.128002557543711646e+02 3.550154926196883594e+02 2.480080643850114939e+02 7.150699266505339438e+02 2.296867431960320971e+02 4.172529209005012945e+02 3.485283345726714401e+02 3.683910965265040431e+02 7.481310045707234622e+02 3.230108357315587000e+02 3.318508701209023570e+02 3.031369327548195542e+02 4.482856232359008004e+02 2.151278689523977050e+02 1.179936438966099558e+03 2.074608396782390400e+02 3.004330208216134110e+02 7.873531609131953246e+02 3.044536089455994556e+02 7.872102641607260693e+02 1.278123624693636629e+02 1.315902731967678392e+02 2.942447960457414524e+02 2.023561217260303238e+02 5.482928049865327012e+02 3.882937032711192273e+02 3.091472141229805857e+02 1.552417469626002458e+02 2.732398214023717173e+02 3.286883021952560853e+02 3.706426850755320288e+02 8.189169677079599978e+02 8.731551981177229038e+01 1.575817248287376628e+02 5.283937925449162520e+01 4.393449669678714145e+02 4.752515123595084106e+02 1.838695189529792628e+02 4.304648650006176922e+02 1.750000000000000000e+02 2.408318915758459013e+02 3.513004412180548570e+02 4.276540658055293420e+02 7.989524391351465056e+02 3.216022387981774955e+02 3.485799764759875075e+02 3.409926685428881683e+02 3.551056180912940476e+02 1.297112177107284765e+02 4.679016990779152820e+02 3.080584360149872509e+02 2.492388412747900759e+02 3.580893743187585869e+02 3.441046352492218148e+02 2.507987240796890660e+02 2.154065922853801567e+02 4.196724913548658833e+02 9.053452380169677554e+02 1.177454882362802095e+02 2.723600558084830254e+02 1.145600279329574818e+02 4.856439024635232045e+02 7.474122022017035079e+02 2.858950856520622210e+02 1.347145129523912885e+02 2.635905916378655434e+02 1.708800749063506075e+01 4.204759208325727826e+01 1.176435293588219366e+02 2.630969403090807646e+02
5.000000000000000000e+01 2.694661388746274611e+02 1.500533238552215494e+02 1.163786922078092374e+02 1.220000000000000000e+02 4.882622246293480828e+01 3.039802625171575414e+02 0.000000000000000000e+00 7.156814934033155851e+02 1.996196383124666340e+02 1.230447073221761940e+02 1.435687988387448968e+02 1.373171511501749649e+02 6.269968101992226366e+02 1.827894964159593201e+02 2.322068043791998662e+02 3.076881538181149836e+02 7.051595564125896090e+02 3.800328933131972917e+02 2.650471656139714014e+02 6.177378084592200480e+01 1.202164714171897515e+02 7.800640999302556793e+02 5.960075502877459712e+02 1.380000000000000000e+02 1.729045979724078848e+02 5.729310604252486883e+02 4.681879964287850271e+01 1.709502851708648166e+02 2.816025568065744551e+02 4.741307836451878899e+01 5.491812087098392681e+01 4.201190307520000715e+02 4.236153915995026864e+02 4.815080477001396844e+02 1.354400236266961031e+02 6.552289676136120988e+02 2.657536453183662388e+02 2.431871707142463492e+02 1.431782106327635233e+02 4.808326112068522775e+02 1.788854381999831844e+02 1.444022160494775733e+02 9.701546268507922832e+01 4.285148772213165671e+02 1.360147050873544288e+02 8.508818954473059648e+01 1.499333185119305085e+02 4.280186911806539030e+01 4.669047011971500893e+01 1.824828759089465962e+02 4.382921400162225609e+02 1.634870025414864472e+02 2.421239352067449033e+02 1.647543626129517804e+02 1.586190404711868212e+02 1.370839159055503558e+02 1.632176461048253202e+02 1.453822547630899749e+02 7.359347797189639095e+01 7.269112738154498743e+01 8.676404785393545183e+01 2.624880949681337370e+02 3.783186487605389061e+02 2.843448610402516010e+02 1.354843164355195881e+02 1.835755975068582018e+02 1.271377206025025401e+02 1.281561547488063582e+02 2.389476930208785177e+02 5.360270515561691127e+02 3.138470965295043129e+02 1.682973558912914029e+02 2.247220505424423038e+02 2.520317440323738367e+02 1.075174404457249011e+02 2.148487840319325528e+02 1.473227748856231756e+02 2.829699630702877471e+02 4.177319714841084419e+02 7.051595564125896090e+02 4.763664555780559908e+02 8.021221852062190010e+02 2.745541840875858952e+02 2.538424708357527777e+02 1.221965629631210248e+02 3.612478373637688378e+02 2.076246613483090186e+02 5.460082416960389082e+02 2.589362855993728658e+02 4.950252518811540767e+02 1.701881311960384551e+02 3.959797974644666141e+01 1.869866305381216307e+02 1.782133552795637002e+02 2.166748716395142935e+02 3.004663042672173106e+02 6.716583953171434587e+02 1.937937047481161130e+02 6.146543744251723638e+02
3.333046654338940016e+02 1.305526713629407141e+02 3.944058823090750820e+02 7.895885004228467778e+02 1.717323498936644626e+02 3.326740146149079465e+02 2.425386567126980708e+02 7.156814934033155851e+02 0.000000000000000000e+00 2.210701246211255864e+02 3.621988404178014207e+02 3.855230213618896187e+02 3.114482300479487549e+02 2.860000000000000000e+02 2.408401959806543573e+02 1.442220510185595685e+02 2.120000000000000000e+02 1.908507270093567172e+02 3.564547657136877206e+02 9.727538229171859712e+02 2.782373087851447622e+02 1.901683464722770225e+02 2.765863337187865909e+02 7.423779360945474082e+02 3.492448997480134949e+02 3.937207131965500366e+02 1.697291960742170147e+02 6.239390995922598222e+02 9.139201278011114482e+02 2.490702712087494319e+02 2.800714194629648546e+02 3.410219934256440411e+02 7.178439941937244839e+02 3.228002478313794654e+02 3.871046370169182183e+02 3.755422745843668508e+02 2.624880949681337370e+02 3.239567872417554213e+02 2.131384526546066525e+02 3.476147292621531051e+02 9.414881836751855815e+01 7.705841939723393352e+02 4.241556318145499063e+02 1.892828571212934889e+02 1.100329496105598309e+03 4.006557125513125470e+02 3.100064515457702328e+02 2.518729838628986499e+02 2.731300056749532814e+02 7.771261158911080429e+02 3.810839802458245913e+02 1.200666481584290750e+02 8.210054811022883996e+02 1.138419957660616575e+02 3.891657744458009347e+02 8.274357981136663511e+02 8.344159634139317632e+02 1.232233744059949032e+02 3.037103883636514752e+02 3.310226578347772488e+02 8.961724164467460696e+02 2.834783942384322017e+02 1.631318485152424103e+02 1.706575518399347118e+02 1.389244398944980503e+02 1.045765270029560725e+03 4.354905280255817388e+02 3.991553582253405921e+02 4.136568626289185318e+02 7.615773105863908654e+01 1.592105524140909552e+02 2.980738163609813114e+02 3.759414848084738878e+02 2.740218969352632143e+02 2.352870587176438733e+02 3.004130489842277143e+02 9.581753492967766306e+02 3.755422745843668508e+02 1.372005830891399683e+02 1.091283647820308943e+03 5.402314318882232556e+02 1.741838109584240328e+02 2.644844040770646529e+02 2.556325487882949403e+02 8.139410298049853054e+01 2.350914715594761901e+02 1.828223181124230337e+02 2.885342267392206850e+02 6.791170738539858576e+01 1.820109886792552913e+02 1.476482306023339959e+02 2.336236289419372838e+02 6.723094525588644501e+02 2.118962010041709050e+02 1.606486850241856246e+02 1.816039647144301625e+02 8.004998438475800526e+01 7.000000000000000000e+01 1.478512766262097671e+02 4.368065933568311152e+02
6.114940719254766464e+02 2.980268444284843099e+02 8.738563955250313029e+02 3.498571136907179948e+02 1.863437683422764621e+02 2.428662183178220459e+02 1.704230031421814715e+02 1.996196383124666340e+02 2.210701246211255864e+02 0.000000000000000000e+00 1.925097400133302301e+02 3.427943990207541560e+02 1.218523696938225385e+02 9.485383492510991346e+02 2.720294101747088789e+01 5.022449601539073569e+02 9.312625838075961155e+02 3.443718920004941424e+02 3.434472302989208856e+02 6.506919393998975920e+02 2.416609194718914466e+02 9.808159868191383168e+01 1.700117642988272735e+02 3.771312768784896434e+02 3.303392195910137730e+02 5.069516742254630799e+02 2.951609730299722401e+02 5.040337290301116013e+02 1.670927885936433768e+02 3.784653220573848103e+02 2.318965286501719163e+02 5.882176467941096689e+02 7.924645102463580315e+01 2.927456233660889211e+02 2.542439773131312677e+02 3.342813186524188609e+02 3.738074370581730363e+02 2.973550066839299006e+02 8.319405026803299279e+02 1.601124604770034807e+02 4.052776825831888345e+02 1.640731544159494604e+02 3.332086433452769825e+02 3.961376023555451411e+02 3.667642294444756885e+02 4.794006675005782654e+02 1.557947367532035798e+02 2.908332855778375574e+02 2.231412108957016471e+02 1.868154169226940553e+02 1.876832437912345881e+02 3.150396800404673172e+02 1.263012272307755524e+02 6.650187967268293505e+02 2.265921446122967495e+02 8.471717653463199440e+02 3.676955262170047263e+02 3.826878623630490210e+02 2.721212964837555432e+02 1.895257238477141470e+02 2.461300469264165258e+02 2.636967955815921414e+02 8.982204629154247755e+01 2.008108562802320307e+02 1.247878199184519730e+02 8.012022216644185164e+02 3.828158826381162498e+02 1.450655024463087273e+02 3.063070355052263380e+02 3.623534186398687780e+02 6.909594778277522664e+02 2.999333259242793588e+02 3.618894858931383851e+02 2.602306669091865388e+02 3.518295041635934126e+02 2.880277764383150725e+02 1.705754964817631674e+02 4.846648326421053525e+02 3.114482300479487549e+02 3.623147802671041973e+02 3.595775298875056478e+02 6.694960791520738894e+02 4.105898196497326467e+02 9.445236894858699088e+02 4.923667332385485338e+02 7.789736837660178992e+01 7.531268153505092755e+01 8.806957476904268560e+02 1.768275996557098608e+02 8.100617260431454270e+02 1.860107523773827438e+02 3.255764119219941222e+01 2.168317319951118236e+02 2.920616373302046895e+02 6.841052550594828574e+01 2.938639140826923608e+02 4.455333881989092788e+02 4.000312487793922287e+02 1.882153022471871111e+02 3.104706105253764576e+02
3.166228039797512679e+02 3.777088826066975003e+02 2.302346628985305586e+02 1.320037878244408489e+02 2.258495074158896614e+02 1.247878199184519730e+02 8.695113570276123482e+02 1.230447073221761940e+02 3.621988404178014207e+02 1.925097400133302301e+02 0.000000000000000000e+00 2.275434024532462729e+02 1.811767093199343890e+02 3.737378760575384717e+02 1.660120477555770719e+02 7.926695402246764388e+02 4.256994244769423972e+02 3.989235515734812907e+02 2.556247249387273257e+02 8.829496021857646326e+01 4.583939353874569065e+02 1.720465053408525478e+02 3.513687521678613734e+02 3.608101994123780401e+02 2.418098426450007139e+02 1.261942946412396225e+02 3.448187929913333392e+02 1.664812301732540618e+02 1.553222456700906662e+02 1.008959860450355109e+03 1.690088755065839621e+02 1.030921917508789818e+02 1.204159457879229507e+02 9.374433316206372524e+01 3.050049179931366439e+02 2.232218627285418791e+02 3.849259669079237369e+02 2.155736533067062908e+02 9.090929545431533825e+02 4.204759208325727826e+01 2.718896835115301087e+02 5.909314681077663067e+01 4.414181690868648502e+02 4.775981574503821321e+02 5.445181356024793331e+02 2.395495773321255513e+02 5.295280917949490629e+01 6.824404735945838638e+02 4.140350226732033434e+02 1.909188309203678386e+02 2.212871437747796506e+02 2.421321952983535084e+02 8.268010643437754936e+01 3.473845131838781413e+02 6.866039615382363763e+02 2.719191056178289045e+02 4.967896939349688523e+01 2.452835094334716928e+02 8.655634003352960804e+01 4.967896939349688523e+01 2.474873734152916427e+02 5.180009652500659740e+02 6.985699678629191567e+02 4.870831551183021588e+02 7.783315488916018694e+02 1.608228839437969953e+02 6.200806399170998020e+02 2.110734469325784346e+02 3.541539213392956640e+02 2.971396977854019497e+02 3.283534680797508827e+02 6.101843983583978570e+02 6.676076692189806181e+02 2.117829077144801033e+02 3.738930328315840939e+02 5.618051263561058022e+02 1.080185169311262143e+02 6.264982043070833839e+01 3.106444913401813324e+02 2.135883891975404083e+02 4.016217125604640614e+02 3.066463761403352919e+02 4.425968820495688760e+02 9.924716620639604798e+02 3.304905444940898747e+02 1.325745073534124003e+02 4.577390086064328898e+02 8.246211251235321242e+02 7.433034373659252196e+02 3.756008519692147729e+02 2.334180798481557133e+02 1.609968943799848660e+02 1.626407083112957821e+02 3.080259729308552892e+02 5.344389581607987338e+02 3.341137530841853618e+02 8.756854458080251788e+02 3.230108357315587000e+02 5.765847726050351412e+02 3.619336955852549522e+02
1.061696755198959750e+02 3.206618156251224150e+02 2.236067977499789805e+01 6.153251173160413146e+02 5.403702434442518552e+02 1.081665382639196764e+02 4.271299568047176649e+02 1.435687988387448968e+02 3.855230213618896187e+02 3.427943990207541560e+02 2.275434024532462729e+02 0.000000000000000000e+00 2.704736586065267829e+02 2.182842183942760528e+02 3.263495058982011301e+02 3.278353245152205773e+02 3.220000000000000000e+02 3.047950130825634005e+02 5.059644256269407236e+01 3.761980861195336274e+02 1.118033988749894831e+02 2.565618833731932114e+02 4.372687960511245819e+02 1.975246820020222174e+02 4.604345773288535071e+01 2.745541840875858952e+02 2.655484889808262210e+02 1.500000000000000000e+02 2.882568299277572805e+02 6.846897107449476607e+02 1.160172400981854111e+02 3.156342820417326038e+02 3.080844040194180025e+02 3.022383165649252987e+02 2.474267568392715191e+02 1.000000000000000000e+01 6.124132591641039198e+02 6.177378084592200480e+01 6.354919354327008705e+02 6.573051041943915607e+02 7.490160211904683365e+02 2.004894012161241506e+02 2.150581316760656705e+02 2.126029162546929854e+02 6.846897107449476039e+01 2.260088493842663695e+02 2.143361845326168975e+02 1.525909564816998056e+02 3.121297807002721356e+02 4.264387412044079042e+02 3.167459549860108154e+02 2.957363690857112033e+02 2.940272096252318192e+02 3.043221976787102676e+02 5.836308764964376223e+02 2.147673159491452850e+02 6.553052723731132119e+02 2.732398214023717173e+02 2.812045518834999029e+02 4.654299087940094637e+02 1.286545762886031241e+02 1.020784012413987654e+02 9.985990186255942263e+02 2.868449058289165237e+02 1.042017274328981557e+03 9.620810776644555062e+01 5.011985634456667071e+01 2.433926868252207782e+02 2.804014978561990574e+02 3.578211843924280515e+02 2.596150997149433692e+02 2.402602755346792662e+02 4.816637831516918311e+01 2.787920371890130014e+02 2.502878343028282302e+02 8.692525524840291951e+01 3.346460817042386680e+02 2.514358765172543997e+02 4.152156066431029444e+02 1.677050983124842105e+02 2.920068492347397182e+02 2.340939982143925135e+02 3.103868553917836266e+02 6.562011886609167277e+02 3.557189902155913614e+02 6.642665127793211468e+02 7.057797106746552345e+02 4.275511665286389871e+02 8.060397012554653884e+02 2.860279706602135548e+02 3.322950496170534507e+02 3.137387448180412548e+02 1.309198227924251228e+02 2.071521180195848331e+02 3.140000000000000000e+02 2.486764966779128372e+02 1.050345181357062302e+03 3.875874094962322260e+02 3.278658262155420289e+02 6.937759004174187112e+02
1.643045951883269709e+02 3.489699127432048158e+02 2.750490865282050095e+02 2.529822128134703618e+01 2.026326725876160424e+02 1.623083485221878561e+02 2.842885857715712064e+02 1.373171511501749649e+02 3.114482300479487549e+02 1.218523696938225385e+02 1.811767093199343890e+02 2.704736586065267829e+02 0.000000000000000000e+00 3.769615364994152742e+02 2.371181140275875237e+02 2.732471408816567759e+02 1.020220564387917079e+03 3.800631526470305062e+02 2.877846417027844268e+02 3.807886552931954611e+02 1.973423421367041612e+02 1.263170613971050216e+02 2.863983240174425191e+02 3.677662300973269112e+02 2.736494107430162330e+02 8.409518416651455652e+01 3.258711401766041718e+02 1.672602762164405874e+02 5.440588203494177577e+01 3.959040287746514082e+02 1.835211159512713834e+02 1.459863007271572712e+02 1.202081528017130694e+02 3.224903099319419653e+01 2.837463656154911860e+02 2.641211843075068373e+02 3.820209418343449670e+02 2.429897117163605458e+02 3.524826236851966996e+02 3.883297567789519888e+01 5.694295391003174700e+02 1.750714140001159649e+02 2.362117693934830243e+02 1.657588609999477569e+02 6.878408246098802010e+02 2.145972972802779850e+02 5.614267539047279598e+01 6.915562160808042336e+02 4.427188724235730888e+02 1.000199980003998945e+02 1.621974105835231796e+02 1.936801486988276793e+02 6.708203932499370126e+01 3.169479452528443062e+02 2.525074256333860774e+02 2.959189078109068873e+02 2.529822128134703618e+01 2.049194963882158333e+02 1.414213562373095101e+01 8.736131867136622020e+01 1.500000000000000000e+02 5.565968020030298931e+02 2.106086417980041006e+02 1.408119313126554744e+02 2.440081965836393749e+02 5.534663494739313592e+02 3.000599940011996978e+02 1.759659057885930338e+02 2.039607805437113939e+02 2.408318915758459013e+02 3.078246253956950795e+02 6.547136778775894754e+02 3.026615271222954675e+02 2.240178564311336231e+02 3.664423556304593035e+02 6.113100686231169902e+02 8.489994110716449427e+01 7.211102550927978427e+01 2.435077000835907768e+02 6.767939125021737254e+02 3.875048386794673547e+02 2.899448223369404900e+02 4.333405127610387808e+02 3.913719458520245098e+02 7.034379858949898789e+02 7.665507158694720147e+01 1.286545762886031241e+02 3.380946613006481698e+02 2.511493579525936184e+02 3.570994259306502840e+02 1.720465053408525478e+02 9.176055797563569172e+01 1.720697532978995241e+02 7.504165509901816904e+02 3.852920969861696676e+02 7.955658363705672400e+02 7.217340230306451758e+02 2.640075756488816978e+02 4.250000000000000000e+02 3.429868802155557432e+02
2.596150997149433692e+02 1.660120477555770719e+02 5.629387178015027757e+02 3.611370930823916297e+02 1.930802941783547340e+02 2.608371139236132308e+02 3.681847362398392534e+02 6.269968101992226366e+02 2.860000000000000000e+02 9.485383492510991346e+02 3.737378760575384717e+02 2.182842183942760528e+02 3.769615364994152742e+02 0.000000000000000000e+00 3.783437590340298016e+02 2.401416248799861819e+02 1.216716893940410387e+02 1.180677771451635323e+02 1.679047348945228464e+02 8.294727240844028984e+02 1.909240686765290889e+02 7.088018058667739751e+02 3.818114718025114485e+02 5.522680508593630577e+01 1.733666634621546905e+02 4.237027259765978897e+02 2.909037641557771394e+02 2.108743701828176142e+02 1.048057727417721935e+03 1.581138830084189522e+02 2.050658430846053761e+02 2.829911659398575807e+02 3.911265779770022277e+02 1.016476758219291582e+03 1.394417441084268603e+02 2.120848886648928726e+02 8.276472678623423462e+01 1.780112356004530341e+02 7.488658090739622253e+01 3.916018386065111372e+02 2.446630335788387924e+02 8.012022216644185164e+02 7.496999399759880589e+02 2.238928315065044785e+02 2.863564212655270467e+02 1.884038216172909870e+02 8.320006009613214246e+02 1.012126474310399544e+02 2.081249624624590808e+02 2.974693261497729395e+02 3.158354001691387225e+02 2.681865022703416912e+02 4.037078151336681913e+02 1.726615185847732619e+02 1.580506248010427726e+02 3.310966626228661198e+02 3.834005738128204825e+02 2.362117693934830243e+02 9.513805757949864983e+02 3.241049212832165836e+02 2.972002691788821380e+02 1.687720355983182401e+02 3.880206180088887891e+02 2.996664812754339664e+02 3.860777123844369498e+02 3.056926561106759550e+02 2.575266976451179630e+02 5.863872440631702148e+02 3.157530680769388596e+02 3.051884663613616908e+02 1.277810627597063018e+02 1.382316895650197921e+02 1.771327186038762420e+02 1.626898890527619699e+02 1.379311422413372270e+02 1.575436447464638263e+02 4.604041702678202341e+02 3.981205847478876763e+02 9.602213286529308789e+02 2.852718002186686590e+02 9.433981132056604224e+01 3.014962686336266984e+02 2.350000000000000000e+02 1.264911064067351845e+02 6.738323233564859720e+02 3.257115288103876765e+02 3.041644292155149287e+02 4.833218389437828932e+01 2.518729838628986499e+02 1.121605991424796258e+02 3.268822417935853650e+02 3.643734348165354504e+02 2.112912681584357415e+02 8.836288813749808924e+01 3.187789202566568747e+02 2.624880949681337370e+02 3.541581567605072109e+02 3.271452276894773945e+02 8.076199601297629442e+02 2.857008925432330670e+02
5.636488268416781011e+02 3.086227470553653234e+02 8.317752100177067405e+02 1.137189518066359994e+02 1.860967490312498853e+02 2.236515146382872103e+02 4.901020301937138015e+02 1.827894964159593201e+02 2.408401959806543573e+02 2.720294101747088789e+01 1.660120477555770719e+02 3.263495058982011301e+02 2.371181140275875237e+02 3.783437590340298016e+02 0.000000000000000000e+00 2.156014842249468302e+02 3.801315561749642598e+02 3.517783392990534708e+02 3.304421280648095376e+02 5.906987387831464957e+02 2.294776677587603615e+02 9.486832980505137414e+01 4.906373406091305469e+02 3.744863148367373924e+02 3.169858040985432126e+02 1.756018223140067391e+02 3.008321791298264429e+02 1.903785702225962098e+02 3.501785258978625848e+02 3.819214578941591753e+02 5.466488818245218226e+02 2.143735058256966681e+02 5.234500931320960149e+01 9.035485598461214352e+01 2.589903473104740783e+02 3.182011942152323059e+02 9.377632963600143512e+02 2.840844944730352495e+02 3.363093813737582991e+02 1.329661611087572908e+02 1.740919297382851028e+02 3.521718330588066692e+02 7.793587107359485344e+02 1.547384890710775949e+02 3.465602400737857351e+02 1.933287355775131573e+02 3.289756829919195980e+02 2.860559385854452330e+02 5.253808142671371115e+02 4.134005321718877326e+02 8.988882021697692437e+01 1.372443077143821029e+02 2.482438317461281940e+02 2.762100649867777520e+02 5.747390712314588654e+02 8.212338278468563431e+02 1.200166655094199797e+02 1.608601877407831466e+02 8.170679286326198110e+01 4.143971524998693781e+02 2.241428116179504002e+02 2.526420392571276068e+02 1.169273278579477306e+02 8.560373823613078059e+01 1.516047492659778015e+02 2.985297305127246545e+02 3.645161176134739662e+02 1.466969665671379914e+02 7.091015442092901822e+02 1.652755275290325585e+02 7.049113419430842669e+02 2.901103238424996107e+02 3.483102065687997992e+02 2.501279672487664811e+02 3.543839725495496964e+02 6.921885581256020714e+02 1.456708618770411476e+02 1.667693017314637416e+02 3.783186487605389061e+02 3.420935544555027263e+02 3.652998768135570913e+02 2.710129148214158477e+02 4.155237658666468974e+02 3.803682426281142739e+02 5.371219600798314104e+02 6.118823416311342100e+01 7.717512552629895595e+01 3.483102065687997992e+02 4.790093944798995835e+02 3.306055050963307735e+02 2.330772404161332929e+02 1.414213562373095101e+01 2.039313610016860423e+02 2.923696290656743031e+02 8.209750300709517035e+01 2.980067113338221247e+02 2.029876843554800416e+02 1.828879438344692971e+02 9.303762679690406401e+01 3.167648970451113541e+02
2.780287754891568852e+02 1.044030650891054961e+02 3.367194678066595088e+02 2.740656855573130883e+02 2.869233347080714793e+02 2.775031531352391880e+02 1.282653499585917132e+02 2.322068043791998662e+02 1.442220510185595685e+02 5.022449601539073569e+02 7.926695402246764388e+02 3.278353245152205773e+02 2.732471408816567759e+02 2.401416248799861819e+02 2.156014842249468302e+02 0.000000000000000000e+00 1.862900963551202835e+02 4.020572098594925023e+02 7.478803380220663257e+02 3.366303610787357457e+02 2.209253267509182592e+02 1.475262688472802211e+02 3.551056180912940476e+02 2.486201922612079329e+02 7.293318860436584146e+02 3.526471324142590902e+02 1.267753919339238280e+02 1.935355264544471083e+02 8.190543327521074843e+02 2.120094337523686647e+02 2.232308222445995511e+02 7.178091668403238828e+02 6.400781202322103809e+02 7.225302761822511002e+02 2.573907535246750058e+02 7.946382824908449720e+02 2.203361068912673773e+02 2.662705391138869686e+02 1.711724276862368868e+02 3.071481727114781393e+02 4.560701700396551672e+01 2.607680962081059306e+02 3.677444765050863680e+02 1.354843164355195881e+02 3.828158826381162498e+02 1.028591269649903239e+02 2.641968962724581047e+02 1.961631973638276634e+02 2.165363710788559501e+02 2.601922366251537255e+02 3.156342820417326038e+02 2.012461179749810753e+02 7.327004845091887546e+02 7.694153624668537361e+01 9.915644204992432265e+01 2.744157429886266755e+02 2.936800980659057245e+02 7.211102550927978427e+01 2.674023186137322909e+02 2.820638225650358208e+02 7.620531477528322739e+02 2.257963684384671410e+02 1.664331697709323805e+02 1.350703520392243604e+02 1.535838533179839089e+02 3.623975717357940312e+02 3.778094757943479749e+02 1.080185169311262143e+02 3.585414899282926626e+02 1.806931099959265339e+02 1.125877435603005523e+02 2.408318915758459013e+02 3.187287247801804142e+02 2.163330765278393528e+02 1.934941859591651792e+02 2.428003294890680195e+02 3.506565271030898430e+02 3.326138902691828321e+02 3.790118731649445181e+02 3.792413479566804995e+02 1.828879438344692971e+02 3.066349621292392840e+02 5.854912467321778422e+02 2.164532282041550104e+02 3.052867504494749440e+01 1.968654362756448961e+02 1.466969665671379914e+02 2.370232056149777122e+02 6.020797289396148244e+01 1.463420650394137397e+02 3.185121661726597040e+02 5.145143341054746315e+02 5.314132102234568720e+02 1.601124604770034807e+02 1.336861997365472234e+02 1.353661700721417276e+02 1.140175425099137954e+02 8.820430828479977947e+01 1.258729518204765014e+02 1.360000000000000000e+02
