0.000000000000000000e+00 2.433187210224482442e+02 6.412487816752559411e+01 5.442655601817921251e+02 2.067365473253338450e+02 8.318653737234168943e+01 6.931089380465382987e+01 2.085569466596593600e+02 1.724296958183247455e+02 1.314838393111488131e+02 2.475883680627989634e+02 2.061552812808830311e+02 5.056184332082840456e+02 3.153173005085512273e+02 4.308131845707602992e+01 2.751363298439520690e+02 6.723094525588643933e+01 1.905885620912230820e+02 1.000799680255744306e+02 4.242640687119284593e+01 1.154469575172944928e+02 1.940927613281855599e+02 4.844842618702903110e+02 1.886796226411320561e+02 2.096091601051824398e+02 1.828770078495380460e+02 6.328704448779386667e+02 8.139410298049853054e+01 2.040098036859993726e+02 6.648308055437864539e+01 1.176435293588219366e+02 5.576064920712454978e+02 9.391485505499116471e+01 1.791758912354003144e+02 2.017919720900710274e+02 2.041665986394444587e+02 5.730619512757760958e+01 1.020000000000000000e+02 1.259364919314493250e+02 1.746310396235445808e+02 1.252517464948094101e+02 2.279824554653274049e+02 1.440138882191575362e+02 3.162277660168379256e+01 1.918019812202157652e+02 7.627745407392671950e+02 3.310589071449369385e+02 4.617358552246078318e+01 4.190763653560052262e+02 4.743680006071235766e+02 6.227760432129674655e+02 2.095709903588757754e+02 4.837354648979129479e+02 3.131293662370235324e+02 1.148564321228898422e+02 1.504792344478134396e+02 3.731621631409058182e+02 2.942447960457414524e+02 1.684042754801670583e+02 1.051189802081431992e+02 1.796218249545416370e+02 1.586442561204155197e+02 1.941236719207629164e+02 4.257346591481600626e+02 2.980268444284843099e+02 6.519202405202647697e+02 2.042155723739010114e+02 1.343502884254440346e+02 4.237924020083418242e+01 3.617319449537184255e+02 1.935458601985586142e+02 2.902412789387477687e+02 1.029563014098700080e+02 2.079663434308542378e+02 8.200000000000000000e+01 2.407072911234722028e+02 5.458937625582472464e+01 6.296229030141772682e+02 5.841232746604093506e+01 1.783704011320263874e+02 2.573790978304182318e+02 1.552932709424333098e+02 1.341044369139216883e+02 6.541597664179600997e+02 1.683448840921517160e+02 1.352479205015737023e+02 1.926343686884559929e+02 2.272003521124032090e+02 5.315072906367325345e+01 1.562849960808778462e+02 3.024169307429727951e+02 2.692582403567251959e+02 5.093623464686018565e+02 2.824535360019414156e+02 2.196588263648879717e+02 1.089770618066022223e+02 1.630828010551695115e+02 5.394905003797564405e+02 6.016643582596529427e+01 5.013232490120520879e+02
2.433187210224482442e+02 0.000000000000000000e+00 2.939727878562912338e+02 5.692099788303082875e+01 1.543243337908834008e+02 1.708449589540177271e+02 6.473407139984321930e+02 2.786036611389017708e+02 7.093659140387279649e+01 2.503197954617253060e+02 1.448447444679992486e+02 8.984430978086480479e+01 3.562653505464712111e+02 2.240178564311336231e+02 2.816025568065744551e+02 3.489699127432048158e+02 2.192441561364863389e+02 6.578753681359410166e+01 8.139563870380279695e+02 2.601922366251537255e+02 1.668652150689292171e+02 6.791170738539858576e+01 1.328533025558642180e+02 1.685823241030921338e+02 3.605551275463989214e+01 7.138627319029899354e+01 5.663920903402518547e+01 2.503916931529478802e+02 6.675327707311454617e+01 5.440588203494177151e+02 1.260634760745553962e+02 2.059126028197400160e+01 6.044005294504630683e+02 1.043276090016444414e+03 1.041729331448433413e+02 1.103902169578445864e+03 3.000000000000000000e+02 2.986904752415115354e+02 1.181524439019354418e+02 6.257195857570706039e+02 2.477175811281871916e+02 2.600000000000000000e+01 3.793889824441400265e+02 2.559765614270181686e+02 3.905124837953326846e+02 8.119421161634614919e+02 3.733148804963445286e+02 2.140840956259945926e+02 1.018233764908628473e+03 3.241727934296769718e+02 6.726812023536854213e+01 2.360084744241189298e+02 2.864472028140613702e+02 1.518551941818257376e+02 1.288875478857441976e+02 9.083226299063564966e+02 7.972609359550986028e+02 5.099019513592784847e+01 9.820005091648374673e+02 2.844011251735829546e+02 7.617250159998685604e+02 3.017614952242913091e+02 6.066712454039667364e+02 9.222391230044406711e+02 3.371527843574779126e+02 8.072174428244225908e+01 1.823951753747888915e+02 2.967894876844528653e+02 7.091191719309244945e+02 3.863935817272331406e+02 2.923183196448693479e+02 1.562849960808778462e+02 2.617250465660480359e+02 1.980403999188044395e+02 3.014232904073605255e+02 1.940309253701584566e+02 2.277015590636129048e+02 2.059126028197400160e+01 2.629676786222976261e+02 1.010012376161797420e+03 3.141591953134588948e+02 9.278200256515269757e+02 2.017622363079870240e+02 3.340059879702757826e+02 2.184490787346103673e+02 3.763509000919221990e+02 2.347764894532670326e+02 2.562810956742615645e+02 2.404828476211972941e+02 1.926655132606767324e+02 3.396998675301478556e+02 2.590443977390748387e+02 3.366481843111589001e+02 3.350104475982801091e+02 7.670234676983488953e+02 6.484597134749390079e+02 3.048671841966596503e+02 8.423330695158535946e+02 1.895257238477141470e+02 7.864477096412704213e+02
6.412487816752559411e+01 2.939727878562912338e+02 0.000000000000000000e+00 6.497884271053155771e+02 2.255393535505500324e+02 1.237093367535369168e+02 4.870318264754368442e+01 1.872965562950904825e+02 5.612708793443679269e+02 1.141577855426426851e+02 1.503063538244474842e+02 2.418677324489565024e+02 2.660676605677585940e+02 1.866011789887727446e+02 6.511528238439882443e+01 5.656854249492380404e+01 1.295221988695374193e+02 2.474267568392715191e+02 3.600000000000000000e+01 5.440588203494177577e+01 1.418731828077455930e+02 2.517300141024109053e+02 2.419008061168875088e+02 1.329661611087572908e+02 2.586426105652353726e+02 2.276224944947225595e+02 3.106444913401813324e+02 4.386342439892261780e+01 2.455768718751829169e+02 1.290736224021004261e+02 1.723252738283041197e+02 2.733861737542701462e+02 8.296987405076616540e+01 1.577085920297305677e+02 6.592419889539803535e+02 1.819120666695862667e+02 3.492849839314595783e+01 5.110772935672255102e+01 1.762384748004816402e+02 1.600499921899404399e+02 4.539273069556401765e+02 2.817800560721074135e+02 1.320151506456739980e+02 2.035927307150233219e+02 2.103806074713161252e+02 3.623534186398687780e+02 8.207313811473277099e+01 7.992496481075234271e+01 3.601735692690400583e+02 2.333495232478523747e+02 3.032754523531372115e+02 2.707027890510181010e+02 1.670927885936433768e+02 1.556663097783203682e+02 1.697291960742170147e+02 1.625423021862308985e+02 1.004390362359177544e+02 3.440755730940515491e+02 1.669730517179344247e+02 3.405877273185280529e+01 2.271387241313114487e+02 5.099019513592784847e+02 2.540314941104744264e+02 1.890819927967758645e+02 3.529815859219854701e+02 3.203248351283427837e+02 6.704103221162393993e+02 4.939635614091387339e+01 3.000000000000000000e+01 1.178812962263310027e+02 2.233293531983648563e+02 8.640601830891180271e+02 3.224903099319419653e+01 1.471054043874663364e+02 2.680018656651479318e+02 7.615937237136346312e+02 2.898706608127149025e+02 7.625122949828415813e+02 3.671511950137163893e+01 4.357177985806868605e+02 7.796313231265146442e+02 1.640121946685672469e+02 1.969771560359220928e+02 7.830229881682912492e+02 1.659518002312719602e+02 1.118033988749894831e+02 1.853105501583760315e+02 2.870888364252431302e+02 2.050000000000000000e+02 1.260634760745553962e+02 3.574353088322416738e+02 8.269371197376497094e+02 6.153454314448105151e+02 8.403719414640163450e+02 6.519202405202649686e+01 1.615549442140351175e+02 5.203124061561477447e+02 2.602306669091865388e+02 1.225887433657756418e+02 6.209871174187110228e+02
5.442655601817921251e+02 5.692099788303082875e+01 6.497884271053155771e+02 0.000000000000000000e+00 9.740636529508736885e+01 1.371860051171401267e+02 2.196724834839357072e+02 2.228990803031721839e+02 6.400000000000000000e+01 5.021205034650546963e+02 1.204159457879229507e+02 3.298484500494128469e+01 1.730780170905594844e+02 5.731491952362839584e+02 6.480933574725172548e+02 3.162846818927530421e+02 2.095041765693466971e+02 8.616263691415205983e+01 7.213355668480517124e+02 5.864511914899653675e+02 1.225887433657756418e+02 9.219544457292887785e+01 3.622154055254966920e+01 3.715171597651984712e+02 3.605551275463989214e+01 3.577708763999663688e+01 1.098362417419678536e+02 2.179541236132044446e+02 1.442220510185595650e+01 2.076342938919291328e+02 1.095627673984186998e+02 4.560701700396551672e+01 1.976866206904250873e+02 9.910726512218969901e+02 1.359558751948587201e+02 4.212837523570070175e+02 2.716615541441224764e+02 2.568267898798721376e+02 9.482615672903757797e+01 1.960918152294990477e+02 6.272360002423330343e+02 1.741407476726799928e+02 3.600111109396486313e+02 2.363810483097153963e+02 9.963934965664920185e+01 3.567856499356441304e+02 3.414849923495906978e+02 4.527692569068708508e+02 3.852168220625885624e+02 3.317468914699879861e+02 8.229216244576393535e+01 6.502499519415591749e+02 2.320086205294967101e+02 2.685609800399157052e+02 2.804014978561990574e+02 3.525677239907249145e+02 6.783251432757008388e+02 2.334523505985750376e+02 9.465331478611828970e+02 2.561640099623676861e+02 3.130814590485996973e+02 3.057907781474124249e+02 2.624804754643666911e+02 3.625961941333637242e+02 3.659289548532610752e+02 1.332216198670471101e+02 2.106086417980041006e+02 2.711825953117198083e+02 6.365532185135818963e+02 3.623534186398687780e+02 1.513274595042155681e+02 1.188780888137086436e+02 2.282191928826320293e+02 4.794006675005782654e+02 2.863564212655270467e+02 2.298695282111137033e+02 5.371219600798314104e+02 7.725283166331186635e+01 5.650221234606659664e+02 3.894868418830089354e+02 8.452810183601663994e+02 3.595997775305207256e+02 5.253808142671371115e+02 8.895504482602434564e+02 1.640487732352790147e+02 8.823831367382310873e+02 4.472694937059758900e+02 2.818368322274432671e+02 2.196724834839357072e+02 1.781010948871454787e+02 9.224017562862724162e+02 2.930801938036755132e+02 8.632641542424890986e+02 3.609764535257112925e+02 2.690501811930257645e+02 2.575732905407701878e+02 3.094382006152439999e+02 3.482814953453599855e+02 1.726267650163206895e+02 3.261533381708671300e+02
2.067365473253338450e+02 1.543243337908834008e+02 2.255393535505500324e+02 9.740636529508736885e+01 0.000000000000000000e+00 1.281405478371307822e+02 4.441846462902561825e+02 1.305526713629407141e+02 1.329661611087572908e+02 3.303407331831785996e+02 1.368941196691808102e+02 6.462197768561404132e+01 2.486523677747710508e+02 2.687452325158532176e+02 2.493270943960964701e+02 2.802641611051973314e+02 2.287094226305510176e+02 4.177319714841084419e+02 6.120661728930949721e+02 2.212057865427575223e+02 2.285278976405288063e+02 1.742297333981774727e+02 1.176435293588219366e+02 4.080747480548141084e+02 1.280156240464420705e+02 9.935793878699377046e+01 5.142956348249516623e+02 1.924162155328911012e+02 2.236067977499789663e+02 2.267156809750926811e+02 1.437358688706476073e+02 1.413647763765783338e+02 3.650342449688795909e+02 9.489072662805359641e+02 5.409482415166907003e+02 1.011162697096763054e+03 2.484673016716686504e+02 2.041372087592068567e+02 1.255388386118017223e+02 1.107248842853312709e+02 7.128990110808122154e+02 1.645964762684790799e+02 3.478505426185217289e+02 5.861953599270468658e+02 1.523154621172781731e+01 1.061743848581191287e+03 3.057122830374991622e+02 4.026164427839478890e+02 3.666169663286193554e+02 3.666169663286193554e+02 4.484696199298230681e+02 3.220248437620923596e+02 3.601735692690400583e+02 8.402380615040001999e+01 3.622499137335991009e+02 3.564267105591274003e+02 2.025141970331956713e+02 1.846943420898431327e+02 3.749613313396462786e+02 2.347850080392698260e+02 3.502741783232100943e+02 8.422143432642310472e+02 3.188228348158268091e+02 9.338763301422732184e+02 1.073312629199899220e+03 5.706356105256663795e+02 2.806920020235702964e+02 2.536217656274792205e+02 2.317584949899355991e+02 3.411568554199079699e+02 1.000000000000000000e+02 2.159351754578211455e+02 4.970160963188214396e+02 5.482928049865327012e+02 2.873882391469769004e+02 7.676262111210116927e+02 2.280350850198275907e+02 4.365775990588614377e+02 1.888279640307547140e+02 9.617302116498160558e+02 9.900505037623081535e+02 3.617070637961056150e+02 2.561640099623676861e+02 4.101121797752414864e+02 8.049844718999243298e+01 3.335386034629274832e+02 8.713208364316786003e+01 3.443835071544513085e+02 2.178072542409917105e+02 1.948332620473208578e+02 4.329110763193752973e+02 3.655680511204445793e+02 9.526935498889451992e+02 4.207612149426322503e+02 2.252909230306449899e+02 2.835912551543153768e+02 3.411158161094263619e+02 3.879226727068166838e+02 1.865261375786246276e+02 9.181775427443212720e+02
8.318653737234168943e+01 1.708449589540177271e+02 1.237093367535369168e+02 1.371860051171401267e+02 1.281405478371307822e+02 0.000000000000000000e+00 2.232151428554971346e+02 1.697998822143289885e+02 1.030921917508789818e+02 1.056030302595526820e+02 8.631338250816034474e+01 3.079366818032564197e+02 4.401136216933077208e+02 3.783186487605389061e+02 1.261427762497718277e+02 4.490545623863540641e+02 1.028396810574595293e+02 1.309809146402635349e+02 1.547384890710775949e+02 9.947864092356709875e+01 9.823441352194249987e+01 1.365283853270080954e+02 1.183384975398961245e+02 4.280186911806539030e+01 3.380088756231114075e+02 1.040192289915667487e+02 4.834511350695124747e+02 8.091971329657563672e+01 1.230447073221761940e+02 2.522399651125887772e+02 1.457737973711325026e+02 1.502664300500946979e+02 8.062257748298549132e+01 6.551335741663679073e+02 4.003123780249619585e+02 7.177220910631078823e+02 1.347145129523912885e+02 1.306139349380455599e+02 5.531726674375732244e+01 1.330563790278391707e+02 4.085339643163098913e+02 4.016217125604640614e+02 2.272003521124032090e+02 1.077032961426900783e+02 1.140000000000000000e+02 3.242283146179556184e+02 2.046069402537460462e+02 1.101135777277261951e+02 2.501919263285687975e+02 2.425943115573817295e+02 1.821647605877712124e+02 5.515886148208644499e+02 4.092065493122024691e+02 4.418144406874904462e+01 5.656854249492380404e+01 2.295125268912352965e+02 1.604493689610526417e+02 2.205538483001373606e+02 2.505034929896188203e+02 2.983286778035259772e+02 5.692099788303082732e+02 2.119811312357776671e+02 2.117829077144801033e+02 2.456013029281400293e+02 3.236355975476121785e+02 2.067849124090053010e+02 1.941957775030136872e+02 1.353513945255090505e+02 1.175925167687127981e+02 5.661271941887264347e+02 1.107248842853312709e+02 5.628943062422997627e+02 2.290196498119757393e+02 2.459674775249768857e+02 1.605615146914103946e+02 5.706356105256663795e+02 1.004987562112088995e+02 1.830956034425731502e+02 2.304886114323221875e+02 6.519202405202647697e+02 2.862516375499012042e+02 2.352615565705540348e+02 1.452446212429224488e+02 7.417715281675349388e+02 1.132254388377452869e+02 2.174488445588984860e+02 1.392695228684294761e+02 6.050826389841308810e+02 2.267708094089713313e+02 1.755704986607943852e+02 3.276705662704540032e+02 6.856566195990526467e+02 2.571536505671268742e+02 3.118012187275733140e+02 1.360588108135596030e+02 1.581518257877537224e+02 2.163423213335754269e+02 6.640783086353596900e+02 6.135144660071186706e+01 2.462600251766412782e+02
6.931089380465382987e+01 6.473407139984321930e+02 4.870318264754368442e+01 2.196724834839357072e+02 4.441846462902561825e+02 2.232151428554971346e+02 0.000000000000000000e+00 3.626637561157718324e+02 1.923330444827409167e+02 6.873136110975832480e+01 1.213424904969401013e+02 4.967896939349688523e+02 2.531797780234432480e+02 1.930388561922184749e+02 9.551963149007642073e+01 1.026255328853399931e+02 1.337011593068661455e+02 2.196724834839357072e+02 1.735655495770978405e+02 7.169379331573968273e+01 9.808159868191383168e+01 2.248999777678957344e+02 2.059126028197400160e+02 1.124455423749647736e+02 5.574271252818614357e+02 4.741307836451878757e+02 2.824464551025556602e+02 3.687817782917154830e+01 2.052510657706799861e+02 1.325745073534124003e+02 3.628015986734346825e+02 2.384617369726220772e+02 3.452535300326413648e+01 2.061552812808830311e+02 2.440081965836393749e+02 2.304951192541828959e+02 7.802563681252463823e+01 4.204759208325727826e+01 3.613862199918530678e+02 1.146298390472567945e+02 1.941648783894760015e+02 2.498399487672057546e+02 1.789077974823903503e+02 9.881295461628499766e+01 1.626038129934227641e+02 3.729235846658132800e+02 3.203513695928269271e+02 5.215361924162119323e+01 1.926032190800558794e+02 2.580697580112787932e+02 2.713300573102803241e+02 2.748745168254052373e+02 3.184729187858835644e+02 2.820017730440714558e+02 1.428985654231699982e+02 5.080354318352215159e+02 8.229216244576393535e+01 3.076881538181149836e+02 2.120094337523686647e+02 6.873136110975832480e+01 6.216309194369275701e+02 5.680008802810079942e+02 6.519202405202647697e+02 2.275170323294500179e+02 3.667151483099655138e+02 2.950050847019420530e+02 2.624880949681337370e+02 2.214158982548453025e+02 6.449806198638839305e+01 4.162030754331351545e+02 4.455333881989092788e+02 7.859548333078689666e+02 8.077747210701755876e+01 1.448999654934396517e+02 1.404563989286355081e+02 2.986502971704532001e+02 1.224418229201117327e+02 6.800735254367721154e+02 1.414213562373095101e+01 2.200818029733489709e+02 3.262636970304848205e+02 5.147815070493500116e+02 1.976765034089787889e+02 8.273451516749221355e+02 2.942787793912432335e+02 1.600999687695160105e+02 1.381303731986560592e+02 2.936256119618995513e+02 9.050966799187808931e+01 1.177454882362802095e+02 3.710795063055894616e+02 8.340563530121930853e+02 2.718308297452663851e+02 3.514541221838207434e+02 4.967896939349688523e+01 1.782806775845324125e+02 5.790077719685634747e+02 2.844011251735829546e+02 1.113193604006059729e+02 6.741290677607663611e+02
2.085569466596593600e+02 2.786036611389017708e+02 1.872965562950904825e+02 2.228990803031721839e+02 1.305526713629407141e+02 1.697998822143289885e+02 3.626637561157718324e+02 0.000000000000000000e+00 5.934012133455744333e+02 1.931320791582796801e+02 4.990490957811665567e+02 1.903785702225962098e+02 8.490583018850943517e+02 7.933630946798571131e+02 2.404163056034261672e+02 5.667892024377316602e+02 6.545991139621255570e+02 2.729761894378335683e+02 4.663153439465615975e+02 5.378196723809942341e+02 1.381303731986560592e+02 2.800285699709942264e+02 5.820867632922088433e+02 5.303300858899106061e+02 2.471113109511582024e+02 2.124617612654098195e+02 8.100771568190280050e+02 4.476885077819174512e+02 5.296461082647543890e+02 6.504805915628843422e+02 5.477681991499689502e+02 2.624271327435484409e+02 2.869233347080714793e+02 3.402116987994386932e+02 3.157340653144668181e+02 9.069867694735132773e+02 5.523812089490372728e+02 1.420563268566380941e+02 2.061552812808830311e+02 3.676955262170046979e+01 3.250846043724617971e+02 2.833231370714365198e+02 7.965707752610560419e+02 2.400333310188399594e+02 1.240161279834199632e+02 4.936598018878993344e+02 2.483384786938987361e+02 1.698116603770188817e+02 3.262207841324644733e+02 3.972958595304008327e+02 7.531268153505093323e+02 3.903331910048132158e+02 2.416609194718914466e+01 1.468604780054865557e+02 5.464430436925699723e+02 3.479597677893236209e+02 1.100545319375808333e+02 3.140254766734699388e+02 3.542654372077524840e+02 5.336665625650533684e+02 3.855385843206876757e+02 9.150136611002045584e+02 3.807413820429820248e+02 3.725801927102405671e+02 4.920040650238573221e+02 3.442440994410797543e+02 3.624141277599426303e+02 2.329978540673711791e+02 2.091219739769113914e+02 7.502666192761078037e+02 1.624438364481706003e+02 3.411158161094263619e+02 1.772004514666934938e+02 2.642725865465428683e+02 2.852718002186686590e+02 9.875854393418323980e+02 2.541889061308537805e+02 7.447314952383845821e+02 1.591100248255904148e+02 3.614194239384485741e+02 4.535416188179426626e+02 8.756854458080251788e+02 7.853979882836472370e+02 4.620173156928211711e+02 1.569235482647521565e+02 7.400168916991016204e+02 1.101135777277261951e+02 4.115580153514204085e+02 5.701973342624463612e+02 2.345804765959861413e+02 4.961370778323264972e+02 4.438423143414786978e+02 4.115337167231866147e+02 4.791534201067545382e+02 1.720000000000000000e+02 3.138470965295043129e+02 3.704753703014547455e+02 4.227150340359330016e+02 5.646459067415613617e+02 4.057831933434404732e+02
1.724296958183247455e+02 7.093659140387279649e+01 5.612708793443679269e+02 6.400000000000000000e+01 1.329661611087572908e+02 1.030921917508789818e+02 1.923330444827409167e+02 5.934012133455744333e+02 0.000000000000000000e+00 1.943707796969493131e+02 1.860779406592839678e+02 7.879086241436883142e+01 1.164989270336855895e+02 1.657467948408052791e+02 5.269013190342191137e+02 6.971549325652081279e+02 3.783186487605389061e+02 8.944271909999159220e+01 2.570992026436488231e+02 1.892828571212934889e+02 1.081665382639196764e+02 4.294182110716777601e+01 2.828427124746190202e+01 9.767292357659823665e+01 3.944616584663204151e+01 3.577708763999663688e+01 2.302172886644267464e+02 1.807097119692242870e+02 5.727128425310541360e+01 1.495860956105212267e+02 1.379311422413372270e+02 5.091168824543142080e+01 1.793543977715628728e+02 3.468313711301213971e+02 8.345058418010026458e+01 3.712142238654117250e+02 2.292422299664701768e+02 2.333238093294381201e+02 4.833218389437828932e+01 5.110039138793360962e+02 4.697073557013983418e+02 5.758472019555187416e+01 3.091278052844809849e+02 1.853968716025165406e+02 3.194526568992657758e+02 2.972944668169927240e+02 3.029521414349137558e+02 1.449965516831348680e+02 3.366303610787357457e+02 2.681641288464957711e+02 1.978004044485248301e+02 1.980807915977720484e+02 2.401416248799861819e+02 2.369071548096426909e+02 5.800000000000000000e+01 7.392563831310487785e+02 2.587740327003464813e+02 1.219180052330253687e+02 3.239567872417554213e+02 2.136632865047245389e+02 6.233979467402823502e+02 2.427920921282239703e+02 4.981967482832459950e+02 3.034007251144927864e+02 3.048671841966596503e+02 1.089036271204958553e+02 3.779219496139381249e+02 2.258583626966245390e+02 2.130164312911095692e+02 3.155249593930724359e+02 9.372299611087984772e+01 1.220655561573370278e+02 1.923018460649819019e+02 1.315902731967678392e+02 2.320344801963708221e+02 1.748370670081147296e+02 1.586442561204155197e+02 2.012461179749810753e+02 1.949974358805776831e+02 3.350761107569442743e+02 2.755358415887124011e+02 3.032094985319556031e+02 1.462190138114739284e+02 2.926567955814455217e+02 4.365775990588614377e+02 7.638062581571324472e+02 1.959795907741415704e+02 2.201272359341296863e+02 1.697056274847714121e+02 1.228006514640700146e+02 7.702110100485449493e+02 5.886000339789320606e+02 2.816025568065744551e+02 2.989046670763104885e+02 5.970134001846189449e+02 1.960612149304395189e+02 2.463331078032346113e+02 2.843448610402516010e+02 1.190965994476752456e+02 2.621907702418221788e+02
1.314838393111488131e+02 2.503197954617253060e+02 1.141577855426426851e+02 5.021205034650546963e+02 3.303407331831785996e+02 1.056030302595526820e+02 6.873136110975832480e+01 1.931320791582796801e+02 1.943707796969493131e+02 0.000000000000000000e+00 1.392838827718412062e+02 1.727541605866556154e+02 2.815386296762844154e+02 2.446957294273849755e+02 1.634870025414864472e+02 4.018084120572888196e+02 1.874459922217596954e+02 2.277279078198366165e+02 3.037268509697487957e+02 1.378985134075055896e+02 8.620904824900922847e+01 2.341964986928711596e+02 1.986454127333425106e+02 1.448033148791836311e+02 2.151278689523977050e+02 4.478001786511479168e+02 2.861118662341707477e+02 1.018430164517921241e+02 4.681078935459217405e+02 1.859139585937537902e+02 4.047838929601819018e+02 2.312487837805855406e+02 9.394147114027967405e+01 2.709686328710391763e+02 6.586729082025464095e+02 7.365629640431291136e+02 1.462190138114739284e+02 7.696752561957542582e+01 3.834383914007568706e+02 1.151086443322133732e+02 6.262587324740470649e+02 2.481289987083331710e+02 2.461300469264165258e+02 4.071854614300466437e+02 2.970269348055829255e+02 1.058454061355522299e+03 1.847159982243010745e+02 9.501578816175762654e+01 2.571303171545510509e+02 8.018883962248112311e+02 2.684771871127973668e+02 3.214093962534387288e+02 6.280127387243032899e+01 1.000000000000000000e+02 1.606486850241856246e+02 2.719191056178289045e+02 7.155417527999327376e+01 7.349319696407280844e+02 2.802570248896537350e+02 1.374627222195166496e+02 7.738862965578341573e+02 2.895099307450436754e+02 3.101032086257735045e+02 2.959189078109068873e+02 1.050107137391228434e+03 3.031171390733292128e+02 7.479304780526060767e+02 1.572768260107000060e+02 1.332216198670471101e+02 5.770615218501403660e+02 3.670490430446590722e+02 3.110884118703234549e+02 2.510975905897943790e+02 4.810405388322277531e+02 2.082402458700046850e+02 3.336645021574815360e+02 1.788071586933811830e+02 2.670805122055894003e+02 8.287339742040263957e+01 7.200694410957876244e+02 3.807413820429820248e+02 2.746415846152945619e+02 2.440491753725056014e+02 3.879639158478530589e+02 1.415097169808490492e+02 5.637597005817283389e+02 7.180529228406496145e+01 8.547075523241852579e+02 3.783186487605389061e+02 1.627882059609970611e+02 1.060683741743975133e+03 3.773433449790787222e+02 3.349029710229516468e+02 4.062954589950520017e+02 1.038460398859773619e+02 2.379663841806232938e+02 2.939727878562912338e+02 8.660831368869850166e+02 1.544668249171970160e+02 3.300484812872193743e+02
2.475883680627989634e+02 1.448447444679992486e+02 1.503063538244474842e+02 1.204159457879229507e+02 1.368941196691808102e+02 8.631338250816034474e+01 1.213424904969401013e+02 4.990490957811665567e+02 1.860779406592839678e+02 1.392838827718412062e+02 0.000000000000000000e+00 1.145600279329574818e+02 1.423516771941939680e+02 1.321968229572859173e+02 1.393125981381439829e+02 2.044309174268902041e+02 9.453041838477179226e+01 9.848857801796104638e+01 1.835211159512713834e+02 2.900000000000000000e+02 6.222539674441618018e+01 1.035760590097924165e+02 2.369071548096426909e+02 7.280109889280518587e+01 1.106345334875146449e+02 2.121909517392294333e+02 1.615549442140351175e+02 1.064518670573701087e+02 2.685609800399157052e+02 9.254188241007419435e+01 2.400000000000000000e+01 1.244025723206718936e+02 1.151173314492652793e+02 2.764489102890441927e+02 1.256025477448606580e+02 3.012042496380155399e+02 1.552417469626002458e+02 4.080747480548141084e+02 6.726812023536854213e+01 4.080441152620633147e+02 1.482969992953330234e+02 3.287095982778720327e+02 5.992703897240376136e+02 2.899137802864844957e+02 1.247236946213509157e+02 2.976776780344807776e+02 5.714017850864661341e+02 7.147027354082254647e+01 6.638712224520655809e+02 2.299652147608416044e+02 1.529705854077835454e+02 1.936594949905632745e+02 1.955095905575989832e+02 5.830951894845300387e+01 2.209072203437452231e+01 2.336236289419372838e+02 1.948332620473208578e+02 1.956016359849784010e+02 2.585033848907979177e+02 3.490701935141412378e+02 5.335260068637704762e+02 2.006389792637512528e+02 4.674665763453040768e+02 2.459430828464179513e+02 2.989916386790774254e+02 1.736663467687392881e+02 4.070012284993744061e+02 1.527612516314264894e+02 1.388092215956850737e+02 6.084817170630519740e+02 1.100727032465361077e+02 1.953867958691170088e+02 1.181862936215532613e+02 8.260750571225352701e+01 4.159627387158614056e+02 1.958877229435270237e+02 9.701546268507922832e+01 3.870723446592381265e+02 1.222620137246234009e+02 2.692953768633988147e+02 2.632185403804222688e+02 2.403081355260366649e+02 1.216552506059643974e+02 6.890029027515050757e+02 1.400142849854971132e+02 2.336921051298053555e+02 1.655173706896046610e+02 5.390037105623671323e+02 9.929753269845127761e+01 6.082762530298219872e+01 3.028663071389751167e+02 2.447611080216789787e+02 2.443767583056948638e+02 2.885064990602464832e+02 1.657226598869327745e+02 3.700337822415677920e+02 2.047925779905121431e+02 2.510298786997277034e+02 5.385164807134503917e+01 2.304170132607399353e+02
2.061552812808830311e+02 8.984430978086480479e+01 2.418677324489565024e+02 3.298484500494128469e+01 6.462197768561404132e+01 3.079366818032564197e+02 4.967896939349688523e+02 1.903785702225962098e+02 7.879086241436883142e+01 1.727541605866556154e+02 1.145600279329574818e+02 0.000000000000000000e+00 4.862355396307431192e+02 2.361355542903270646e+02 6.221133337262592704e+02 7.460730527233911289e+02 2.082786594925173915e+02 1.088117640698835515e+02 6.703170891451298985e+02 2.226117696798621637e+02 2.516445906432323909e+02 1.156027681329474035e+02 1.421267040355189408e+02 1.436802004452944743e+02 6.440496875241846908e+01 4.308131845707602992e+01 1.414213562373095101e+02 2.017919720900710274e+02 6.403124237432848531e+01 2.063201395889407479e+02 1.102905254316979011e+02 1.923538406167134269e+02 1.736433125691859232e+02 9.630290753658480298e+02 1.592607924129476373e+02 1.025597386892146915e+03 2.572003110418025926e+02 2.335294413987238613e+02 2.319482700948640286e+02 4.114911906711977281e+02 2.560703028466987234e+02 1.004987562112088995e+02 3.500514247935579988e+02 2.282542442102665348e+02 6.675327707311454617e+01 3.760850967533810945e+02 3.239320916488516104e+02 1.656019323558756184e+02 9.334077351297235055e+02 3.380059171079701628e+02 1.147693338832285832e+02 2.763837911311009066e+02 2.002498439450078536e+02 2.156965461012299272e+02 1.124455423749647736e+02 3.479080338250325326e+02 2.440081965836393749e+02 1.242577965360725329e+02 9.290452088031022413e+02 2.420330555936523353e+02 3.200562450570212150e+02 3.104126286090822191e+02 2.764923145405672926e+02 3.604719129141686835e+02 9.585927185202274359e+02 1.643045951883269709e+02 5.748260606479145736e+02 2.584956479324168299e+02 6.000000000000000000e+02 8.737419527526419643e+02 2.800000000000000000e+01 3.796379854545643298e+02 2.111018711428205279e+02 4.831407662369218770e+02 2.800285699709942264e+02 6.312289600454022320e+02 2.115466851548376326e+02 2.751363298439520690e+02 5.163816418115577562e+02 3.821884351991828908e+02 3.532930794680247004e+02 8.860022573334674689e+02 5.482928049865327012e+02 3.696701232179847239e+02 1.325443322062471339e+02 3.405877273185280387e+02 3.658551625985343208e+02 2.985431292125142591e+02 2.112060605191053639e+02 1.751113931187802564e+02 9.667600529604022768e+02 3.140063693621516450e+02 3.520056817723259428e+02 3.770198933743417342e+02 6.209871174187110228e+02 6.493458246574009536e+02 3.143119469571590798e+02 8.911369142842193014e+02 4.210106887004176315e+02 3.347237667092075526e+02
5.056184332082840456e+02 3.562653505464712111e+02 2.660676605677585940e+02 1.730780170905594844e+02 2.486523677747710508e+02 4.401136216933077208e+02 2.531797780234432480e+02 8.490583018850943517e+02 1.164989270336855895e+02 2.815386296762844154e+02 1.423516771941939680e+02 4.862355396307431192e+02 0.000000000000000000e+00 1.128007092176285937e+02 5.591511423577707092e+02 7.735955015381100566e+02 1.445544879967412157e+02 8.692525524840291951e+01 3.020595967685846972e+02 2.151278689523977050e+02 5.042320894191483376e+02 2.024845673131658828e+02 1.386362146049869750e+02 3.530580688781946037e+02 1.378985134075055896e+02 1.520131573252789110e+02 1.033247308247159140e+02 2.263183598385247990e+02 1.708449589540177271e+02 1.440694277076160290e+02 3.020761493398642870e+02 3.384154251803543048e+02 6.374362713244360066e+02 3.400000000000000000e+02 3.847076812334268681e+01 3.612035437256949422e+02 2.548489748851268075e+02 2.944622216855669876e+02 1.337011593068661455e+02 3.039078807796862520e+02 1.362350909274112212e+02 1.166190378969060077e+02 7.536079882803791179e+02 1.961224107541002013e+02 6.050826389841308810e+02 4.602445002387318027e+02 3.286943869310822492e+02 5.031152949374526884e+02 8.341013127911980973e+02 4.930770730829004833e+02 3.106444913401813324e+02 9.453041838477179226e+01 3.372951230006149785e+02 1.930388561922184749e+02 1.216552506059643974e+02 2.672002994010298380e+02 3.327942307192238331e+02 1.779100896520486970e+02 7.545197147855051298e+02 2.416278129686232887e+02 1.776738585161024844e+02 1.820988742414405976e+02 1.044030650891054961e+02 2.631805463935356784e+02 4.874679476642540976e+02 9.213034245024816471e+01 1.000000000000000000e+02 2.447529366524536840e+02 2.431871707142463492e+02 7.984985911070851898e+02 2.100000000000000000e+02 3.575611835756225219e+02 2.382099913941478633e+02 1.223764683262268420e+02 2.219639610387235678e+02 5.841232746604093506e+01 1.581518257877537224e+02 3.303407331831785996e+02 2.493591786961129628e+02 3.129472799050984122e+02 1.720116275139561708e+02 6.900181157042184168e+02 8.930845424706443225e+01 4.812743500333255611e+02 2.779136556558529492e+02 3.086292273910557356e+02 3.020264889045329824e+02 2.850000000000000000e+02 4.688549882426335103e+02 1.400142849854971132e+02 4.942165517260627325e+02 1.200166655094199797e+02 5.188448708429139060e+02 4.812743500333255611e+02 2.881110896859057107e+02 3.911840998813730153e+02 1.840108692441835103e+02 2.043134846259541462e+02 1.441249457935717544e+02 1.825705343148231066e+02
3.153173005085512273e+02 2.240178564311336231e+02 1.866011789887727446e+02 5.731491952362839584e+02 2.687452325158532176e+02 3.783186487605389061e+02 1.930388561922184749e+02 7.933630946798571131e+02 1.657467948408052791e+02 2.446957294273849755e+02 1.321968229572859173e+02 2.361355542903270646e+02 1.128007092176285937e+02 0.000000000000000000e+00 3.231485726411304995e+02 5.427936993002036843e+02 5.936328831862331867e+01 3.956008088970496601e+02 2.208800579500104959e+02 1.322573249389235173e+02 1.896206739783402497e+02 1.567801007781280873e+02 1.940309253701584566e+02 1.091237829256299250e+02 5.070749451511088068e+02 4.904079934095691442e+02 5.103920062069938126e+02 1.577846633865281660e+02 2.203270296627265736e+02 6.046486583132389825e+01 1.270118104744594234e+02 5.220153254455274237e+02 2.094755355644186068e+02 5.731710041514661498e+02 1.352479205015737023e+02 6.238990302925626565e+02 1.647543626129517804e+02 2.281227739617419275e+02 1.453822547630899749e+02 7.020861770466642611e+02 2.441311123146740414e+01 1.998499437077728942e+02 1.912694434560837067e+02 1.057733425774188163e+02 2.568890811225732023e+02 1.800000000000000000e+02 2.320086205294967101e+02 1.499333185119305085e+02 2.240178564311336231e+02 1.024890238025516567e+02 2.155643755354766427e+02 8.411896337925236367e+01 3.071481727114781393e+02 1.894096090487491608e+02 3.132491021535416849e+02 3.860051813123756119e+02 2.747580754045274603e+02 2.701703166522925130e+02 1.891560202584099670e+02 1.552417469626002458e+02 8.402380615040001999e+01 7.779460135510689156e+01 6.800000000000000000e+01 1.514859729479927921e+02 4.384062043356594813e+02 1.998099096641605570e+02 9.425497334358543355e+01 3.783186487605389061e+02 1.582403235588198527e+02 2.124617612654098195e+02 5.968249324550710071e+02 6.144306307468727937e+02 1.672961446059053685e+02 1.331352695569434843e+02 1.145425685062108272e+02 1.279062156425558499e+02 7.155417527999327376e+01 2.218467939817927572e+02 1.838477631085023631e+02 2.002498439450078536e+02 3.405877273185280387e+02 1.632176461048253202e+02 2.408318915758459156e+01 3.635931792539568619e+02 2.641514716975848955e+02 2.017919720900710274e+02 2.902274969743563133e+02 1.010742301479462242e+02 2.640075756488816978e+02 8.280096617793780922e+01 4.490267252625393439e+02 1.442497833620556946e+02 1.161550687658528318e+02 1.618394265931512734e+02 2.120848886648928726e+02 4.390899680020029905e+01 8.104319835741924294e+01 3.010398644698073554e+02 9.160785992479029005e+01 9.899494936611665707e+01
4.308131845707602992e+01 2.816025568065744551e+02 6.511528238439882443e+01 6.480933574725172548e+02 2.493270943960964701e+02 1.261427762497718277e+02 9.551963149007642073e+01 2.404163056034261672e+02 5.269013190342191137e+02 1.634870025414864472e+02 1.393125981381439829e+02 6.221133337262592704e+02 5.591511423577707092e+02 3.231485726411304995e+02 0.000000000000000000e+00 2.202271554554523902e+02 7.924645102463580315e+01 5.632273075766124748e+02 9.482615672903757797e+01 2.828427124746190202e+01 1.582403235588198527e+02 2.279824554653274049e+02 2.336921051298053555e+02 2.828427124746190202e+02 6.224146527838173597e+02 2.240089283934906064e+02 2.864192730945318317e+02 6.251399843235113707e+01 6.144306307468727937e+02 7.962411694957752673e+01 1.555892027102137831e+02 6.541597664179600997e+02 3.167412192942371121e+02 1.372005830891399683e+02 2.295386677664571664e+02 1.620493751916371821e+02 3.605551275463989214e+01 2.874456470360962044e+02 1.659518002312719602e+02 2.086911593719293023e+02 3.004163777159960205e+02 2.645600120955546117e+02 1.012126474310399544e+02 2.785677655436823841e+01 2.343074902771996335e+02 2.997665758552810757e+02 1.052235715037272428e+02 2.207374005464411653e+02 1.262537128166930387e+02 4.207433897282285216e+02 2.852227199926401227e+02 2.126029162546929854e+02 2.228542124349459073e+02 4.207730979993849019e+02 1.527612516314264894e+02 2.751817581163402906e+02 4.116430492550554732e+02 8.314595600508782809e+02 3.140859754907882007e+02 3.111269837220809009e+01 1.621110730332755452e+02 1.388524396616782610e+02 1.945353438324254682e+02 1.325745073534124003e+02 2.892542134524577477e+02 2.915887514977215460e+02 2.182292372712693975e+02 2.209072203437452231e+01 3.538361202590826338e+01 1.048045800525912199e+02 2.366178353379136183e+02 3.250846043724617971e+02 6.324555320336758513e+01 1.013903348450926103e+02 1.123610252712211519e+02 2.540314941104744264e+02 6.551335741663679357e+01 2.886173937932362605e+02 8.170679286326198110e+01 3.386000590667402435e+02 2.480725700274014685e+02 1.140701538527935952e+02 1.440000000000000000e+02 2.485558287387362668e+02 2.063492185592182011e+02 9.476286192385707352e+01 2.294776677587603615e+02 2.272003521124032090e+02 4.123105625617660763e+01 9.158602513484248675e+01 7.343023900274328071e+02 2.726829660979944947e+02 1.812181006411886983e+02 2.720073528417935904e+02 2.272663635472702310e+02 2.462214450449026231e+02 1.430104891257980455e+02 1.951614716074871296e+02 9.280086206496144996e+01 1.833575741549827569e+02
2.751363298439520690e+02 3.489699127432048158e+02 5.656854249492380404e+01 3.162846818927530421e+02 2.802641611051973314e+02 4.490545623863540641e+02 1.026255328853399931e+02 5.667892024377316602e+02 6.971549325652081279e+02 4.018084120572888196e+02 2.044309174268902041e+02 7.460730527233911289e+02 7.735955015381100566e+02 5.427936993002036843e+02 2.202271554554523902e+02 0.000000000000000000e+00 1.663009320478992379e+02 2.997665758552810757e+02 4.019950248448355978e+01 9.507891459203770523e+01 1.983128840998486453e+02 7.589795781178831930e+02 7.434547733386342543e+02 1.843908891458577557e+02 3.139681512510464927e+02 2.836406176837160729e+02 9.067110895980042642e+02 9.881295461628499766e+01 7.549337719296971727e+02 1.664331697709323805e+02 2.254240448576859421e+02 8.210511555317366401e+02 1.350703520392243604e+02 2.853944638566067056e+02 7.788452991448300509e+02 3.403307215048326952e+02 1.364734406395618009e+02 8.515867542417507252e+01 2.308679276123039017e+02 5.119570294468081784e+02 2.063201395889407479e+02 3.356784175367847638e+02 2.488473427625860950e+02 1.141577855426426851e+02 2.652168923730160941e+02 3.827531841800927737e+02 2.561249694973139412e+01 1.356023598614714274e+02 1.001798382909455540e+02 2.404412610181538810e+02 8.926645506571883288e+02 2.998666370238610170e+02 2.041568024827975307e+02 2.122074456752165759e+02 2.227285343192470179e+02 3.662308015445997853e+02 3.083018001893599376e+02 3.993845264904488204e+02 1.387083270751976158e+02 6.841052550594828574e+01 5.970343373709756634e+02 2.146625258399798213e+02 7.030824987154778682e+02 1.759318049699939763e+02 3.700216209899091950e+02 9.269843580125826747e+02 3.060588178765643761e+02 6.603029607687670932e+01 1.691892431568863060e+02 7.467261881037788385e+01 2.796354770053328025e+02 3.989185380500635461e+02 2.202271554554523902e+02 1.872965562950904825e+02 1.137189518066359994e+02 3.420000000000000000e+02 3.808214804865922929e+02 8.980116925742113381e+02 2.311384866265244113e+02 1.430244734302490031e+02 8.226937461777620229e+02 1.448447444679992486e+02 2.320344801963708221e+02 8.161648117874232184e+02 2.158240023723033403e+02 1.820027472320129505e+02 5.810550748423078176e+02 3.134645115479581818e+02 1.220000000000000000e+02 4.293308747341611706e+02 3.744863148367373924e+02 3.597387941270721399e+02 2.512846990964631004e+02 3.517328531712669246e+02 1.423024947075770683e+02 1.833575741549827569e+02 2.182567295640617715e+02 2.669082239272518109e+02 4.253527947480773150e+02 6.485560885536424394e+02
