0.000000000000000000e+00 1.448102206337660505e+02 1.149347641055568516e+02 1.054229576515476055e+02 3.189043743820394994e+01 1.097314904665019100e+02 1.359485196682920787e+02 1.328344834747363450e+02 8.580209787645054575e+01 7.983107164506812126e+01 1.580031645252714441e+02 2.024845673131658685e+01 7.353910524340093957e+01 1.628895331198416727e+02 1.279531164137865034e+02 1.905177157116891351e+02 1.560801076370720466e+02 5.852349955359812839e+01 8.765842800324450934e+01 7.140028011149536269e+01 1.548967397978408087e+02 5.597320787662611963e+01
1.448102206337660505e+02 0.000000000000000000e+00 1.442220510185595685e+02 1.819120666695862667e+02 1.476109752017105166e+02 7.679192665899195447e+01 1.950282030886815221e+02 7.376313442364011053e+01 6.462197768561404132e+01 1.148433715980160486e+02 2.206558406206370933e+02 1.358823020117042404e+02 7.184705978674422511e+01 1.835755975068581947e+01 3.931920650267500150e+01 6.067124524847005063e+01 3.764306044943742080e+01 1.010198000393982198e+02 6.243396511515186376e+01 1.463283977907227609e+02 2.050390206765531786e+02 1.539512909981595499e+02
1.149347641055568516e+02 1.442220510185595685e+02 0.000000000000000000e+00 4.967896939349688523e+01 8.633075929238663093e+01 1.692601547913743332e+02 5.141984052872976463e+01 7.818567643756750840e+01 1.307822617941745307e+02 4.220189569201838253e+01 7.653103945458992996e+01 9.482615672903757797e+01 1.149347641055568516e+02 1.548709139896836859e+02 1.058017013095725218e+02 1.511588568361113403e+02 1.255746789762968092e+02 1.372770920437929476e+02 9.437160589923220755e+01 4.669047011971500893e+01 6.113100686231170044e+01 6.661080993352355506e+01
1.054229576515476055e+02 1.819120666695862667e+02 4.967896939349688523e+01 0.000000000000000000e+00 7.360027173862879124e+01 1.893911296761281733e+02 3.162277660168379256e+01 1.240201596515663311e+02 1.526433752247374684e+02 6.726812023536855634e+01 5.269724850502159086e+01 8.883692925805124219e+01 1.356244815658293987e+02 1.951127878945918894e+02 1.461848145328371515e+02 1.978004044485248301e+02 1.694963126442578414e+02 1.470544116985274172e+02 1.236850839834779805e+02 4.079215610874227593e+01 5.103920062069938268e+01 4.964876634922563881e+01
3.189043743820394994e+01 1.476109752017105166e+02 8.633075929238663093e+01 7.360027173862879124e+01 0.000000000000000000e+00 1.287633488225589815e+02 1.040624812312295404e+02 1.192308684863110386e+02 9.771898484941398522e+01 5.742821606144492108e+01 1.262457920090804464e+02 1.711724276862369010e+01 8.207923001588160616e+01 1.646572197020221893e+02 1.229186723000211998e+02 1.848350616089923619e+02 1.510297983842923486e+02 8.009993757800314995e+01 8.570297544426331626e+01 4.070626487409523975e+01 1.230447073221761940e+02 2.408318915758459156e+01
1.097314904665019100e+02 7.679192665899195447e+01 1.692601547913743332e+02 1.893911296761281733e+02 1.287633488225589815e+02 0.000000000000000000e+00 2.125111761766895881e+02 1.262537128166930387e+02 3.848376280978771291e+01 1.284133949399360688e+02 2.384156035162128262e+02 1.121472246647236517e+02 5.470831746635972337e+01 9.202173656261872736e+01 9.518928511129810488e+01 1.374627222195166496e+02 1.106797181058932722e+02 5.126402247190518580e+01 7.710382610480493781e+01 1.486371420607918026e+02 2.276839915321233150e+02 1.460136979875518364e+02
1.359485196682920787e+02 1.950282030886815221e+02 5.141984052872976463e+01 3.162277660168379256e+01 1.040624812312295404e+02 2.125111761766895881e+02 0.000000000000000000e+00 1.293406355326894186e+02 1.746424919657298176e+02 8.500000000000000000e+01 2.617250465660480074e+01 1.184060809249254760e+02 1.578923684032891970e+02 2.061674077054858003e+02 1.570031846810758225e+02 2.015564437074637283e+02 1.769208862740631787e+02 1.735655495770978121e+02 1.415980225850629495e+02 6.723094525588643933e+01 1.941648783894759944e+01 7.998124780221924368e+01
1.328344834747363450e+02 7.376313442364011053e+01 7.818567643756750840e+01 1.240201596515663311e+02 1.192308684863110386e+02 1.262537128166930387e+02 1.293406355326894186e+02 0.000000000000000000e+00 9.278469701410895709e+01 6.580273550544841044e+01 1.535252422242023442e+02 1.156935607542615116e+02 8.450443775329198104e+01 8.009993757800314995e+01 3.534119409414458346e+01 7.378346698278686233e+01 4.785394445602159408e+01 1.189621788637044091e+02 5.597320787662611963e+01 9.849365461794988619e+01 1.361322886019330838e+02 1.137189518066359994e+02
8.580209787645054575e+01 6.462197768561404132e+01 1.307822617941745307e+02 1.526433752247374684e+02 9.771898484941398522e+01 3.848376280978771291e+01 1.746424919657298176e+02 9.278469701410895709e+01 0.000000000000000000e+00 9.013878188659973034e+01 2.006614063540869211e+02 8.246211251235321527e+01 1.702938636592640265e+01 8.285529554590944201e+01 6.670832032063167105e+01 1.209338662244782512e+02 8.900000000000000000e+01 3.640054944640259293e+01 3.962322551231790158e+01 1.121605991424796258e+02 1.894650363523571173e+02 1.118793993548410128e+02
7.983107164506812126e+01 1.148433715980160486e+02 4.220189569201838253e+01 6.726812023536855634e+01 5.742821606144492108e+01 1.284133949399360688e+02 8.500000000000000000e+01 6.580273550544841044e+01 9.013878188659973034e+01 0.000000000000000000e+00 1.111575458527220235e+02 5.984145720150872449e+01 7.373601562330310344e+01 1.286934341759516371e+02 8.052949770115296246e+01 1.372953021774598028e+02 1.060188662455885691e+02 9.513148795220223519e+01 5.700000000000000000e+01 3.342154993413680586e+01 9.932774033471213215e+01 4.802082881417187821e+01
1.580031645252714441e+02 2.206558406206370933e+02 7.653103945458992996e+01 5.269724850502159086e+01 1.262457920090804464e+02 2.384156035162128262e+02 2.617250465660480074e+01 1.535252422242023442e+02 2.006614063540869211e+02 1.111575458527220235e+02 0.000000000000000000e+00 1.415097169808490492e+02 1.838613608129777788e+02 2.313655116909173159e+02 1.823321145602167235e+02 2.246107744521620191e+02 2.013256069157622221e+02 1.985396685803620471e+02 1.677647161950330883e+02 9.178779875342910088e+01 1.984943324127920761e+01 1.023425620160058287e+02
2.024845673131658685e+01 1.358823020117042404e+02 9.482615672903757797e+01 8.883692925805124219e+01 1.711724276862369010e+01 1.121472246647236517e+02 1.184060809249254760e+02 1.156935607542615116e+02 8.246211251235321527e+01 5.984145720150872449e+01 1.415097169808490492e+02 0.000000000000000000e+00 6.760177512462227867e+01 1.534438007871285663e+02 1.145862120850497377e+02 1.771581214621559468e+02 1.428880680812782202e+02 6.303173803727769808e+01 7.543208866258443379e+01 5.234500931320960149e+01 1.370000000000000000e+02 3.935733730830885690e+01
7.353910524340093957e+01 7.184705978674422511e+01 1.149347641055568516e+02 1.356244815658293987e+02 8.207923001588160616e+01 5.470831746635972337e+01 1.578923684032891970e+02 8.450443775329198104e+01 1.702938636592640265e+01 7.373601562330310344e+01 1.838613608129777788e+02 6.760177512462227867e+01 0.000000000000000000e+00 9.013878188659973034e+01 6.403124237432848531e+01 1.232274320108960097e+02 8.962700485902672654e+01 3.522782990761707111e+01 2.863564212655270680e+01 9.513148795220223519e+01 1.729768770674277221e+02 9.518928511129810488e+01
1.628895331198416727e+02 1.835755975068581947e+01 1.548709139896836859e+02 1.951127878945918894e+02 1.646572197020221893e+02 9.202173656261872736e+01 2.061674077054858003e+02 8.009993757800314995e+01 8.285529554590944201e+01 1.286934341759516371e+02 2.313655116909173159e+02 1.534438007871285663e+02 9.013878188659973034e+01 0.000000000000000000e+00 4.924428900898052319e+01 4.753945729601885262e+01 3.546829570193639825e+01 1.192308684863110386e+02 7.902531240052138628e+01 1.610124218810461798e+02 2.149325475585305583e+02 1.698116603770188817e+02
1.279531164137865034e+02 3.931920650267500150e+01 1.058017013095725218e+02 1.461848145328371515e+02 1.229186723000211998e+02 9.518928511129810488e+01 1.570031846810758225e+02 3.534119409414458346e+01 6.670832032063167105e+01 8.052949770115296246e+01 1.823321145602167235e+02 1.145862120850497377e+02 6.403124237432848531e+01 4.924428900898052319e+01 0.000000000000000000e+00 6.264982043070833839e+01 2.830194339616981125e+01 9.902019995940221975e+01 4.049691346263317371e+01 1.135341358358797805e+02 1.662437968767556811e+02 1.243261838873855254e+02
1.905177157116891351e+02 6.067124524847005063e+01 1.511588568361113403e+02 1.978004044485248301e+02 1.848350616089923619e+02 1.374627222195166496e+02 2.015564437074637283e+02 7.378346698278686233e+01 1.209338662244782512e+02 1.372953021774598028e+02 2.246107744521620191e+02 1.771581214621559468e+02 1.232274320108960097e+02 4.753945729601885262e+01 6.264982043070833839e+01 0.000000000000000000e+00 3.443835071544512516e+01 1.565247584249852650e+02 1.028834291807966537e+02 1.706604816587601192e+02 2.061843835017579636e+02 1.839347710466946921e+02
1.560801076370720466e+02 3.764306044943742080e+01 1.255746789762968092e+02 1.694963126442578414e+02 1.510297983842923486e+02 1.106797181058932722e+02 1.769208862740631787e+02 4.785394445602159408e+01 8.900000000000000000e+01 1.060188662455885691e+02 2.013256069157622221e+02 1.428880680812782202e+02 8.962700485902672654e+01 3.546829570193639825e+01 2.830194339616981125e+01 3.443835071544512516e+01 0.000000000000000000e+00 1.236850839834779805e+02 6.844705983459040510e+01 1.394022955334667415e+02 1.839836949297409774e+02 1.514265498517350466e+02
5.852349955359812839e+01 1.010198000393982198e+02 1.372770920437929476e+02 1.470544116985274172e+02 8.009993757800314995e+01 5.126402247190518580e+01 1.735655495770978121e+02 1.189621788637044091e+02 3.640054944640259293e+01 9.513148795220223519e+01 1.985396685803620471e+02 6.303173803727769808e+01 3.522782990761707111e+01 1.192308684863110386e+02 9.902019995940221975e+01 1.565247584249852650e+02 1.236850839834779805e+02 0.000000000000000000e+00 6.306346010171024830e+01 1.067754653466797095e+02 1.905885620912230820e+02 1.000199980003998945e+02
8.765842800324450934e+01 6.243396511515186376e+01 9.437160589923220755e+01 1.236850839834779805e+02 8.570297544426331626e+01 7.710382610480493781e+01 1.415980225850629495e+02 5.597320787662611963e+01 3.962322551231790158e+01 5.700000000000000000e+01 1.677647161950330883e+02 7.543208866258443379e+01 2.863564212655270680e+01 7.902531240052138628e+01 4.049691346263317371e+01 1.028834291807966537e+02 6.844705983459040510e+01 6.306346010171024830e+01 0.000000000000000000e+00 8.561541917201597585e+01 1.547417202954652566e+02 9.167878707749137845e+01
7.140028011149536269e+01 1.463283977907227609e+02 4.669047011971500893e+01 4.079215610874227593e+01 4.070626487409523975e+01 1.486371420607918026e+02 6.723094525588643933e+01 9.849365461794988619e+01 1.121605991424796258e+02 3.342154993413680586e+01 9.178779875342910088e+01 5.234500931320960149e+01 9.513148795220223519e+01 1.610124218810461798e+02 1.135341358358797805e+02 1.706604816587601192e+02 1.394022955334667415e+02 1.067754653466797095e+02 8.561541917201597585e+01 0.000000000000000000e+00 8.521150157109073575e+01 2.002498439450078749e+01
1.548967397978408087e+02 2.050390206765531786e+02 6.113100686231170044e+01 5.103920062069938268e+01 1.230447073221761940e+02 2.276839915321233150e+02 1.941648783894759944e+01 1.361322886019330838e+02 1.894650363523571173e+02 9.932774033471213215e+01 1.984943324127920761e+01 1.370000000000000000e+02 1.729768770674277221e+02 2.149325475585305583e+02 1.662437968767556811e+02 2.061843835017579636e+02 1.839836949297409774e+02 1.905885620912230820e+02 1.547417202954652566e+02 8.521150157109073575e+01 0.000000000000000000e+00 9.899494936611665707e+01
5.597320787662611963e+01 1.539512909981595499e+02 6.661080993352355506e+01 4.964876634922563881e+01 2.408318915758459156e+01 1.460136979875518364e+02 7.998124780221924368e+01 1.137189518066359994e+02 1.118793993548410128e+02 4.802082881417187821e+01 1.023425620160058287e+02 3.935733730830885690e+01 9.518928511129810488e+01 1.698116603770188817e+02 1.243261838873855254e+02 1.839347710466946921e+02 1.514265498517350466e+02 1.000199980003998945e+02 9.167878707749137845e+01 2.002498439450078749e+01 9.899494936611665707e+01 0.000000000000000000e+00
