0.000000000000000000e+00 1.448102206337660505e+02 1.149347641055568516e+02 1.054229576515476055e+02 3.189043743820394994e+01 1.097314904665019100e+02 1.328344834747363450e+02 1.580031645252714441e+02 2.024845673131658685e+01 1.628895331198416727e+02 1.905177157116891351e+02 1.560801076370720466e+02 5.852349955359812839e+01 1.548967397978408087e+02 5.597320787662611963e+01
1.448102206337660505e+02 0.000000000000000000e+00 1.442220510185595685e+02 1.819120666695862667e+02 1.476109752017105166e+02 7.679192665899195447e+01 7.376313442364011053e+01 2.206558406206370933e+02 1.358823020117042404e+02 1.835755975068581947e+01 6.067124524847005063e+01 3.764306044943742080e+01 1.010198000393982198e+02 2.050390206765531786e+02 1.539512909981595499e+02
1.149347641055568516e+02 1.442220510185595685e+02 0.000000000000000000e+00 4.967896939349688523e+01 8.633075929238663093e+01 1.692601547913743332e+02 7.818567643756750840e+01 7.653103945458992996e+01 9.482615672903757797e+01 1.548709139896836859e+02 1.511588568361113403e+02 1.255746789762968092e+02 1.372770920437929476e+02 6.113100686231170044e+01 6.661080993352355506e+01
1.054229576515476055e+02 1.819120666695862667e+02 4.967896939349688523e+01 0.000000000000000000e+00 7.360027173862879124e+01 1.893911296761281733e+02 1.240201596515663311e+02 5.269724850502159086e+01 8.883692925805124219e+01 1.951127878945918894e+02 1.978004044485248301e+02 1.694963126442578414e+02 1.470544116985274172e+02 5.103920062069938268e+01 4.964876634922563881e+01
3.189043743820394994e+01 1.476109752017105166e+02 8.633075929238663093e+01 7.360027173862879124e+01 0.000000000000000000e+00 1.287633488225589815e+02 1.192308684863110386e+02 1.262457920090804464e+02 1.711724276862369010e+01 1.646572197020221893e+02 1.848350616089923619e+02 1.510297983842923486e+02 8.009993757800314995e+01 1.230447073221761940e+02 2.408318915758459156e+01
1.097314904665019100e+02 7.679192665899195447e+01 1.692601547913743332e+02 1.893911296761281733e+02 1.287633488225589815e+02 0.000000000000000000e+00 1.262537128166930387e+02 2.384156035162128262e+02 1.121472246647236517e+02 9.202173656261872736e+01 1.374627222195166496e+02 1.106797181058932722e+02 5.126402247190518580e+01 2.276839915321233150e+02 1.460136979875518364e+02
1.328344834747363450e+02 7.376313442364011053e+01 7.818567643756750840e+01 1.240201596515663311e+02 1.192308684863110386e+02 1.262537128166930387e+02 0.000000000000000000e+00 1.535252422242023442e+02 1.156935607542615116e+02 8.009993757800314995e+01 7.378346698278686233e+01 4.785394445602159408e+01 1.189621788637044091e+02 1.361322886019330838e+02 1.137189518066359994e+02
1.580031645252714441e+02 2.206558406206370933e+02 7.653103945458992996e+01 5.269724850502159086e+01 1.262457920090804464e+02 2.384156035162128262e+02 1.535252422242023442e+02 0.000000000000000000e+00 1.415097169808490492e+02 2.313655116909173159e+02 2.246107744521620191e+02 2.013256069157622221e+02 1.985396685803620471e+02 1.984943324127920761e+01 1.023425620160058287e+02
2.024845673131658685e+01 1.358823020117042404e+02 9.482615672903757797e+01 8.883692925805124219e+01 1.711724276862369010e+01 1.121472246647236517e+02 1.156935607542615116e+02 1.415097169808490492e+02 0.000000000000000000e+00 1.534438007871285663e+02 1.771581214621559468e+02 1.428880680812782202e+02 6.303173803727769808e+01 1.370000000000000000e+02 3.935733730830885690e+01
1.628895331198416727e+02 1.835755975068581947e+01 1.548709139896836859e+02 1.951127878945918894e+02 1.646572197020221893e+02 9.202173656261872736e+01 8.009993757800314995e+01 2.313655116909173159e+02 1.534438007871285663e+02 0.000000000000000000e+00 4.753945729601885262e+01 3.546829570193639825e+01 1.192308684863110386e+02 2.149325475585305583e+02 1.698116603770188817e+02
1.905177157116891351e+02 6.067124524847005063e+01 1.511588568361113403e+02 1.978004044485248301e+02 1.848350616089923619e+02 1.374627222195166496e+02 7.378346698278686233e+01 2.246107744521620191e+02 1.771581214621559468e+02 4.753945729601885262e+01 0.000000000000000000e+00 3.443835071544512516e+01 1.565247584249852650e+02 2.061843835017579636e+02 1.839347710466946921e+02
1.560801076370720466e+02 3.764306044943742080e+01 1.255746789762968092e+02 1.694963126442578414e+02 1.510297983842923486e+02 1.106797181058932722e+02 4.785394445602159408e+01 2.013256069157622221e+02 1.428880680812782202e+02 3.546829570193639825e+01 3.443835071544512516e+01 0.000000000000000000e+00 1.236850839834779805e+02 1.839836949297409774e+02 1.514265498517350466e+02
5.852349955359812839e+01 1.010198000393982198e+02 1.372770920437929476e+02 1.470544116985274172e+02 8.009993757800314995e+01 5.126402247190518580e+01 1.189621788637044091e+02 1.985396685803620471e+02 6.303173803727769808e+01 1.192308684863110386e+02 1.565247584249852650e+02 1.236850839834779805e+02 0.000000000000000000e+00 1.905885620912230820e+02 1.000199980003998945e+02
1.548967397978408087e+02 2.050390206765531786e+02 6.113100686231170044e+01 5.103920062069938268e+01 1.230447073221761940e+02 2.276839915321233150e+02 1.361322886019330838e+02 1.984943324127920761e+01 1.370000000000000000e+02 2.149325475585305583e+02 2.061843835017579636e+02 1.839836949297409774e+02 1.905885620912230820e+02 0.000000000000000000e+00 9.899494936611665707e+01
5.597320787662611963e+01 1.539512909981595499e+02 6.661080993352355506e+01 4.964876634922563881e+01 2.408318915758459156e+01 1.460136979875518364e+02 1.137189518066359994e+02 1.023425620160058287e+02 3.935733730830885690e+01 1.698116603770188817e+02 1.839347710466946921e+02 1.514265498517350466e+02 1.000199980003998945e+02 9.899494936611665707e+01 0.000000000000000000e+00
