0.000000000000000000e+00 2.896204412675321009e+02 2.298695282111137033e+02 2.108459153030952109e+02 6.378087487640789988e+01 2.194629809330038199e+02 6.641724173736816965e+02 7.900158226263572487e+02 4.049691346263317371e+01 8.144476655992083352e+02 3.810354314233782702e+02 3.121602152741440932e+02 1.170469991071962568e+02 7.744836989892040719e+02 2.798660393831306124e+02
2.896204412675321009e+02 0.000000000000000000e+00 7.211102550927978427e+02 3.638241333391725334e+02 2.952219504034210331e+02 1.535838533179839089e+02 1.475262688472802211e+02 1.103279203103185409e+03 6.794115100585212303e+02 3.671511950137163893e+01 3.033562262423502602e+02 7.528612089887484160e+01 5.050990001969910850e+02 1.025195103382765865e+03 3.079025819963190997e+02
2.298695282111137033e+02 7.211102550927978427e+02 0.000000000000000000e+00 2.483948469674844262e+02 1.726615185847732619e+02 3.385203095827486663e+02 1.563713528751350168e+02 1.530620789091798599e+02 1.896523134580751559e+02 3.097418279793673719e+02 3.023177136722226805e+02 2.511493579525936184e+02 2.745541840875858952e+02 1.222620137246234009e+02 1.332216198670471101e+02
2.108459153030952109e+02 3.638241333391725334e+02 2.483948469674844262e+02 0.000000000000000000e+00 1.472005434772575825e+02 9.469556483806409233e+02 2.480403193031326623e+02 1.053944970100431817e+02 1.776738585161024844e+02 3.902255757891837789e+02 3.956008088970496601e+02 8.474815632212892069e+02 7.352720584926371430e+02 2.551960031034969063e+02 9.929753269845127761e+01
6.378087487640789988e+01 2.952219504034210331e+02 1.726615185847732619e+02 1.472005434772575825e+02 0.000000000000000000e+00 2.575266976451179630e+02 5.961543424315551647e+02 2.524915840181608928e+02 3.423448553724738019e+01 3.293144394040443785e+02 3.696701232179847239e+02 3.020595967685846972e+02 1.601998751560062999e+02 2.460894146443523880e+02 4.816637831516918311e+01
2.194629809330038199e+02 1.535838533179839089e+02 3.385203095827486663e+02 9.469556483806409233e+02 2.575266976451179630e+02 0.000000000000000000e+00 6.312685640834652077e+02 4.768312070324256524e+02 2.242944493294473034e+02 1.840434731252374547e+02 2.749254444390332992e+02 2.213594362117865444e+02 2.563201123595259219e+02 4.553679830642466300e+02 2.920273959751036728e+02
6.641724173736816965e+02 1.475262688472802211e+02 1.563713528751350168e+02 2.480403193031326623e+02 5.961543424315551647e+02 6.312685640834652077e+02 0.000000000000000000e+00 3.070504844484046885e+02 5.784678037713075582e+02 4.004996878900157640e+02 1.475669339655737247e+02 9.570788891204318816e+01 2.379243577274088182e+02 2.722645772038661676e+02 5.685947590331800257e+02
7.900158226263572487e+02 1.103279203103185409e+03 1.530620789091798599e+02 1.053944970100431817e+02 2.524915840181608928e+02 4.768312070324256524e+02 3.070504844484046885e+02 0.000000000000000000e+00 2.830194339616980983e+02 4.627310233818346319e+02 4.492215489043240382e+02 4.026512138315244442e+02 3.970793371607240942e+02 3.969886648255841521e+01 2.046851240320116574e+02
4.049691346263317371e+01 6.794115100585212303e+02 1.896523134580751559e+02 1.776738585161024844e+02 3.423448553724738019e+01 2.242944493294473034e+02 5.784678037713075582e+02 2.830194339616980983e+02 0.000000000000000000e+00 7.672190039356428315e+02 3.543162429243118936e+02 2.857761361625564405e+02 9.999999000000000000e+06 2.740000000000000000e+02 7.871467461661771381e+01
8.144476655992083352e+02 3.671511950137163893e+01 3.097418279793673719e+02 3.902255757891837789e+02 3.293144394040443785e+02 1.840434731252374547e+02 4.004996878900157640e+02 4.627310233818346319e+02 7.672190039356428315e+02 0.000000000000000000e+00 9.507891459203770523e+01 1.773414785096819912e+02 2.384617369726220772e+02 1.074662737792652706e+03 3.396233207540377634e+02
3.810354314233782702e+02 3.033562262423502602e+02 3.023177136722226805e+02 3.956008088970496601e+02 3.696701232179847239e+02 2.749254444390332992e+02 1.475669339655737247e+02 4.492215489043240382e+02 3.543162429243118936e+02 9.507891459203770523e+01 0.000000000000000000e+00 6.887670143089025032e+01 3.130495168499705301e+02 4.123687670035159272e+02 9.196738552334734322e+02
3.121602152741440932e+02 7.528612089887484160e+01 2.511493579525936184e+02 8.474815632212892069e+02 3.020595967685846972e+02 2.213594362117865444e+02 9.570788891204318816e+01 4.026512138315244442e+02 2.857761361625564405e+02 1.773414785096819912e+02 6.887670143089025032e+01 0.000000000000000000e+00 2.473701679669559610e+02 3.679673898594819548e+02 3.028530997034700931e+02
1.170469991071962568e+02 5.050990001969910850e+02 2.745541840875858952e+02 7.352720584926371430e+02 1.601998751560062999e+02 2.563201123595259219e+02 2.379243577274088182e+02 3.970793371607240942e+02 9.999999000000000000e+06 2.384617369726220772e+02 3.130495168499705301e+02 2.473701679669559610e+02 0.000000000000000000e+00 3.811771241824461640e+02 2.000399960007997890e+02
7.744836989892040719e+02 1.025195103382765865e+03 1.222620137246234009e+02 2.551960031034969063e+02 2.460894146443523880e+02 4.553679830642466300e+02 2.722645772038661676e+02 3.969886648255841521e+01 2.740000000000000000e+02 1.074662737792652706e+03 4.123687670035159272e+02 3.679673898594819548e+02 3.811771241824461640e+02 0.000000000000000000e+00 1.979898987322333141e+02
2.798660393831306124e+02 3.079025819963190997e+02 1.332216198670471101e+02 9.929753269845127761e+01 4.816637831516918311e+01 2.920273959751036728e+02 5.685947590331800257e+02 2.046851240320116574e+02 7.871467461661771381e+01 3.396233207540377634e+02 9.196738552334734322e+02 3.028530997034700931e+02 2.000399960007997890e+02 1.979898987322333141e+02 0.000000000000000000e+00
