0.000000000000000000e+00 1.737722647605192606e+03 1.379217169266682276e+03 8.433836612123808436e+02 2.551234995056315995e+02 1.316777885598022976e+03 2.656689669494726786e+03 3.160063290505428995e+03 1.619876538505326948e+02 3.257790662396833341e+03 2.286212588540269735e+03 1.248640861096576373e+03 4.681879964287850271e+02 3.097934795956816288e+03 1.119464157532522449e+03
1.737722647605192606e+03 0.000000000000000000e+00 2.884441020371191371e+03 1.455296533356690134e+03 1.180887801613684132e+03 6.143354132719356357e+02 5.901050753891208842e+02 4.413116812412741638e+03 4.076469060351127155e+03 1.468604780054865557e+02 1.213424904969401041e+03 3.011444835954993664e+02 2.020396000787964340e+03 4.100780413531063459e+03 1.231610327985276399e+03
1.379217169266682276e+03 2.884441020371191371e+03 0.000000000000000000e+00 9.935793878699377046e+02 6.906460743390930475e+02 1.354081238330994665e+03 6.254854115005400672e+02 6.122483156367194397e+02 7.586092538323006238e+02 1.238967311917469488e+03 1.209270854688890722e+03 1.004597431810374474e+03 1.098216736350343581e+03 7.335720823477404338e+02 5.328864794681884405e+02
8.433836612123808436e+02 1.455296533356690134e+03 9.935793878699377046e+02 0.000000000000000000e+00 5.888021739090303299e+02 3.787822593522563693e+03 9.921612772125306492e+02 4.215779880401727269e+02 7.106954340644099375e+02 1.560902303156735115e+03 1.582403235588198640e+03 3.389926252885156828e+03 2.941088233970548572e+03 1.020784012413987625e+03 3.971901307938051104e+02
2.551234995056315995e+02 1.180887801613684132e+03 6.906460743390930475e+02 5.888021739090303299e+02 0.000000000000000000e+00 1.030106790580471852e+03 3.576926054589331216e+03 1.009966336072643571e+03 1.369379421489895208e+02 1.317257757616177514e+03 2.218020739307908116e+03 1.208238387074338789e+03 9.611992509360377426e+02 9.843576585774095520e+02 1.926655132606767324e+02
1.316777885598022976e+03 6.143354132719356357e+02 1.354081238330994665e+03 3.787822593522563693e+03 1.030106790580471852e+03 0.000000000000000000e+00 2.525074256333860831e+03 2.860987242194553801e+03 8.971777973177892136e+02 7.361738925009498189e+02 1.099701777756133197e+03 8.854377448471461776e+02 1.025280449438103687e+03 2.732207898385479893e+03 1.168109583900414691e+03
2.656689669494726786e+03 5.901050753891208842e+02 6.254854115005400672e+02 9.921612772125306492e+02 3.576926054589331216e+03 2.525074256333860831e+03 0.000000000000000000e+00 1.228201937793618754e+03 2.313871215085230233e+03 1.601998751560063056e+03 5.902677358622948987e+02 5.742473334722591289e+02 9.516974309096352727e+02 1.089058308815464670e+03 2.274379036132720103e+03
3.160063290505428995e+03 4.413116812412741638e+03 6.122483156367194397e+02 4.215779880401727269e+02 1.009966336072643571e+03 2.860987242194553801e+03 1.228201937793618754e+03 0.000000000000000000e+00 1.132077735846792393e+03 1.850924093527338528e+03 1.796886195617296153e+03 1.610604855326097777e+03 2.382476022964344338e+03 1.587954659302336609e+02 8.187404961280466296e+02
1.619876538505326948e+02 4.076469060351127155e+03 7.586092538323006238e+02 7.106954340644099375e+02 1.369379421489895208e+02 8.971777973177892136e+02 2.313871215085230233e+03 1.132077735846792393e+03 0.000000000000000000e+00 3.068876015742571326e+03 1.417264971697247574e+03 1.143104544650225762e+03 5.042539042982215847e+02 1.096000000000000000e+03 3.148586984664708552e+02
3.257790662396833341e+03 1.468604780054865557e+02 1.238967311917469488e+03 1.560902303156735115e+03 1.317257757616177514e+03 7.361738925009498189e+02 1.601998751560063056e+03 1.850924093527338528e+03 3.068876015742571326e+03 0.000000000000000000e+00 3.803156583681508209e+02 7.093659140387279649e+02 9.538469478904883090e+02 4.298650951170610824e+03 2.037739924524226581e+03
2.286212588540269735e+03 1.213424904969401041e+03 1.209270854688890722e+03 1.582403235588198640e+03 2.218020739307908116e+03 1.099701777756133197e+03 5.902677358622948987e+02 1.796886195617296153e+03 1.417264971697247574e+03 3.803156583681508209e+02 0.000000000000000000e+00 2.755068057235610013e+02 1.252198067399882120e+03 2.474212602021095336e+03 3.678695420933893729e+03
1.248640861096576373e+03 3.011444835954993664e+02 1.004597431810374474e+03 3.389926252885156828e+03 1.208238387074338789e+03 8.854377448471461776e+02 5.742473334722591289e+02 1.610604855326097777e+03 1.143104544650225762e+03 7.093659140387279649e+02 2.755068057235610013e+02 0.000000000000000000e+00 9.894806718678238440e+02 1.471869559437927819e+03 1.211412398813880372e+03
4.681879964287850271e+02 2.020396000787964340e+03 1.098216736350343581e+03 2.941088233970548572e+03 9.611992509360377426e+02 1.025280449438103687e+03 9.516974309096352727e+02 2.382476022964344338e+03 5.042539042982215847e+02 9.538469478904883090e+02 1.252198067399882120e+03 9.894806718678238440e+02 0.000000000000000000e+00 1.524708496729784656e+03 8.001599840031991562e+02
3.097934795956816288e+03 4.100780413531063459e+03 7.335720823477404338e+02 1.020784012413987625e+03 9.843576585774095520e+02 2.732207898385479893e+03 1.089058308815464670e+03 1.587954659302336609e+02 1.096000000000000000e+03 4.298650951170610824e+03 2.474212602021095336e+03 1.471869559437927819e+03 1.524708496729784656e+03 0.000000000000000000e+00 7.919595949289332566e+02
1.119464157532522449e+03 1.231610327985276399e+03 5.328864794681884405e+02 3.971901307938051104e+02 1.926655132606767324e+02 1.168109583900414691e+03 2.274379036132720103e+03 8.187404961280466296e+02 3.148586984664708552e+02 2.037739924524226581e+03 3.678695420933893729e+03 1.211412398813880372e+03 8.001599840031991562e+02 7.919595949289332566e+02 0.000000000000000000e+00
