0.000000000000000000e+00 9.732748840897929767e+02 2.564995126701023764e+02 3.265593361090752751e+03 8.269461893013353802e+02 4.991192242340501366e+02 4.158653628279229792e+02 8.342277866386374399e+02 6.897187832732989818e+02 7.889030358668928784e+02 9.903534722511958535e+02 8.246211251235321242e+02 2.022473732833136182e+03 1.261269202034204909e+03 2.584879107424561653e+02 1.650817979063712301e+03 2.689237810235457573e+02 7.623542483648923280e+02 4.003198721022977224e+02 1.697056274847713837e+02 4.617878300691779714e+02 1.164556567969113303e+03 1.937937047481161244e+03 7.547184905645282242e+02 8.384366404207297592e+02 7.315080313981521840e+02 2.531481779511754667e+03 3.255764119219941222e+02 8.160392147439974906e+02 2.659323222175145816e+02 4.705741174352877465e+02 2.230425968284981991e+03 3.756594202199646588e+02 7.167035649416012575e+02 8.071678883602841097e+02 8.166663945577778350e+02 2.292247805103104383e+02 4.080000000000000000e+02 5.037459677257972999e+02 6.985241584941783231e+02 5.010069859792376405e+02 9.119298218613096196e+02 8.640833293149452174e+02 1.264911064067351703e+02 1.150811887321294535e+03 3.051098162957068780e+03 1.324235628579747754e+03 1.846943420898431327e+02 1.676305461424020905e+03 1.897472002428494307e+03 3.736656259277804565e+03 8.382839614355031017e+02 1.934941859591651792e+03 1.878776197422141195e+03 4.594257284915593686e+02 6.019169377912537584e+02 2.238972978845435136e+03 1.176979184182965810e+03 6.736171019206682331e+02 4.204759208325727968e+02 7.184872998181665480e+02 9.518655367224930615e+02 7.764946876830516658e+02 2.554407954888960376e+03 1.788161066570905859e+03 2.607680962081059079e+03 8.168622894956040454e+02 5.374011537017761384e+02 1.695169608033367297e+02 1.446927779814873702e+03 7.741834407942344569e+02 1.160965115754991075e+03 6.177378084592201049e+02 8.318653737234169512e+02 3.280000000000000000e+02 9.628291644938888112e+02 3.275362575349483336e+02 2.518491612056709073e+03 3.504739647962455820e+02 7.134816045281055494e+02 1.029516391321672927e+03 6.211730837697332390e+02 5.364177476556867532e+02 3.924958598507760598e+03 6.733795363686068640e+02 5.409916820062948091e+02 1.155806212130735958e+03 9.088014084496128362e+02 3.189043743820395207e+02 6.251399843235113849e+02 1.209667722971891180e+03 1.077032961426900783e+03 2.037449385874407426e+03 1.129814144007765663e+03 8.786353054595518870e+02 4.359082472264088892e+02 6.523312042206780461e+02 2.157962001519025762e+03 2.406657433038611771e+02 3.007939494072312300e+03
9.732748840897929767e+02 0.000000000000000000e+00 1.175891151425164935e+03 2.276839915321233150e+02 6.172973351635336030e+02 1.025069753724106249e+03 3.884044283990593158e+03 1.671621966833410625e+03 2.837463656154911860e+02 1.001279181846901224e+03 5.793789778719969945e+02 5.390658586851888003e+02 1.425061402185884845e+03 8.960714257245344925e+02 1.126410227226297820e+03 2.093819476459229008e+03 8.769766245459453557e+02 2.631501472543764066e+02 4.883738322228167817e+03 1.040768946500614902e+03 6.674608602757168683e+02 2.716468295415943430e+02 5.314132102234568720e+02 1.011493944618552860e+03 2.163330765278393528e+02 4.283176391417939612e+02 2.265568361361007419e+02 1.001566772611791521e+03 4.005196624386873054e+02 2.176235281397670860e+03 5.042539042982215847e+02 8.236504112789600640e+01 2.417602117801852273e+03 4.173104360065777655e+03 4.166917325793733653e+02 4.415608678313783457e+03 1.200000000000000000e+03 1.194761900966046142e+03 7.089146634116126506e+02 2.502878343028282416e+03 9.908703245127487662e+02 1.040000000000000000e+02 1.517555929776560106e+03 1.023906245708072674e+03 2.343074902771996221e+03 3.247768464653845967e+03 1.493259521985378115e+03 1.284504573755967613e+03 4.072935059634513891e+03 1.296691173718707887e+03 4.036087214122112528e+02 1.416050846544713522e+03 1.145788811256245481e+03 9.111311650909544824e+02 5.155501915429767905e+02 3.633290519625425986e+03 3.189043743820394411e+03 2.039607805437113939e+02 5.892003054989025259e+03 1.137604500694331819e+03 3.046900063999474241e+03 1.207045980897165236e+03 2.426684981615866946e+03 3.688956492017762685e+03 1.348611137429911651e+03 3.228869771297690363e+02 7.295807014991555661e+02 1.187157950737811461e+03 2.836476687723697978e+03 1.545574326908932562e+03 1.169273278579477392e+03 6.251399843235113849e+02 1.570350279396288215e+03 7.921615996752177580e+02 1.808539742444163039e+03 7.761237014806338266e+02 9.108062362544516191e+02 8.236504112789600640e+01 1.051870714489190505e+03 4.040049504647189679e+03 1.256636781253835579e+03 3.711280102606107903e+03 8.070489452319480961e+02 1.336023951881103130e+03 8.737963149384414692e+02 2.258105400551533421e+03 1.408658936719602252e+03 1.025124382697046258e+03 9.619313904847891763e+02 7.706620530427069298e+02 1.358799470120591423e+03 1.554266386434449032e+03 1.346592737244635600e+03 1.340041790393120436e+03 4.602140806190092917e+03 2.593838853899756032e+03 1.219468736786638601e+03 3.369332278063414378e+03 7.581028953908565882e+02 4.718686257847622983e+03
2.564995126701023764e+02 1.175891151425164935e+03 0.000000000000000000e+00 2.599153708421262309e+03 9.021574142022001297e+02 4.948373470141476673e+02 1.948127305901747377e+02 7.491862251803619301e+02 2.245083517377471708e+03 4.566311421705707403e+02 6.012254152977899366e+02 9.674709297958260095e+02 1.596405963406551564e+03 7.464047159550909782e+02 2.604611295375952977e+02 2.262741699796952162e+02 5.180887954781496774e+02 1.484560541035629058e+03 1.440000000000000000e+02 2.176235281397671031e+02 5.674927312309823719e+02 1.006920056409643621e+03 1.451404836701325166e+03 5.318646444350291631e+02 1.551855663391412236e+03 9.104899779788902379e+02 1.242577965360725329e+03 2.631805463935356784e+02 9.823074875007316678e+02 5.162944896084017046e+02 6.893010953132164786e+02 1.640317042525620764e+03 3.318794962030646616e+02 9.462515521783834629e+02 2.636967955815921414e+03 7.276482666783450668e+02 1.397139935725838313e+02 2.044309174268902041e+02 7.049538992019265606e+02 6.401999687597617594e+02 1.815709227822560706e+03 1.127120224288429654e+03 5.280606025826959922e+02 1.221556384290139931e+03 8.415224298852645006e+02 1.449413674559475112e+03 4.924388286883965975e+02 3.196998592430093709e+02 1.440694277076160233e+03 9.333980929914094986e+02 1.213101809412548846e+03 1.082811156204072404e+03 6.683711543745735071e+02 9.339978586699221523e+02 6.789167842968680588e+02 6.501692087449235942e+02 4.017561449436710177e+02 2.064453438564309181e+03 6.678922068717376987e+02 2.043526363911168460e+02 9.085548965252457947e+02 2.039607805437113939e+03 1.524188964662846502e+03 7.563279711871034579e+02 1.411926343687941880e+03 1.281299340513371135e+03 2.681641288464957597e+03 1.975854245636554936e+02 1.800000000000000000e+02 4.715251849053240107e+02 8.933174127934594253e+02 3.456240732356472108e+03 1.289961239727767861e+02 5.884216175498653456e+02 1.072007462660591727e+03 4.569562342281808014e+03 1.159482643250859610e+03 3.050049179931366325e+03 2.202907170082298194e+02 1.742871194322747442e+03 3.118525292506058577e+03 6.560487786742689877e+02 1.181862936215532500e+03 3.132091952673164997e+03 6.638072009250878409e+02 4.472135954999579326e+02 7.412422006335041260e+02 1.148355345700972521e+03 8.200000000000000000e+02 5.042539042982215847e+02 1.429741235328966695e+03 3.307748478950598837e+03 3.692072588668863318e+03 3.361487765856065380e+03 2.607680962081059874e+02 9.693296652842107051e+02 2.081249624624590979e+03 1.040922667636746155e+03 4.903549734631025672e+02 3.725922704512266137e+03
3.265593361090752751e+03 2.276839915321233150e+02 2.599153708421262309e+03 0.000000000000000000e+00 5.844381917705242131e+02 5.487440204685605067e+02 8.786899339357428289e+02 8.915963212126887356e+02 2.560000000000000000e+02 2.008482013860218785e+03 4.816637831516918027e+02 1.319393800197651387e+02 6.923120683622379374e+02 3.438895171417703750e+03 2.592373429890069019e+03 1.265138727571012168e+03 8.380167062773867883e+02 3.446505476566082393e+02 2.885342267392206850e+03 2.345804765959861470e+03 4.903549734631025672e+02 5.531726674375732955e+02 1.448861622101986768e+02 1.486068639060793885e+03 2.163330765278393528e+02 1.431083505599865475e+02 4.393449669678714145e+02 8.718164944528177784e+02 5.768882040742382600e+01 8.305371755677165311e+02 4.382510695936747993e+02 2.736421020237930861e+02 7.907464827617003493e+02 3.964290604887587961e+03 8.157352511691523205e+02 1.685135009428028070e+03 1.086646216576489905e+03 1.027307159519488550e+03 3.793046269161503119e+02 1.176550891376994286e+03 2.508944000969332137e+03 6.965629906907199711e+02 1.440044443758594525e+03 9.455241932388615851e+02 3.985573986265968074e+02 1.427142599742576522e+03 1.365939969398362791e+03 2.716615541441225105e+03 1.540867288250354250e+03 1.990481348819927916e+03 3.291686497830557414e+02 2.600999807766236700e+03 9.280344821179868404e+02 1.611365880239494345e+03 1.121605991424796230e+03 1.410270895962899658e+03 2.713300573102803355e+03 1.400714103591450112e+03 3.786132591444731588e+03 1.024656039849470744e+03 1.252325836194398789e+03 1.223163112589649700e+03 1.049921901857466764e+03 2.175577164800182345e+03 1.463715819413044301e+03 5.328864794681884405e+02 8.424345671920164023e+02 1.084730381246879233e+03 2.546212874054327585e+03 1.449413674559475112e+03 6.053098380168622725e+02 4.755123552548345742e+02 9.128767715305281172e+02 1.917602670002313062e+03 1.145425685062108187e+03 9.194781128444548131e+02 2.148487840319325642e+03 3.090113266532474654e+02 3.390132740763995571e+03 2.336921051298053499e+03 3.381124073440665597e+03 1.438399110122082902e+03 2.101523257068548446e+03 3.558201793040973826e+03 6.561950929411160587e+02 3.529532546952924349e+03 1.789077974823903560e+03 1.127347328909773069e+03 8.786899339357428289e+02 7.124043795485819146e+02 3.689607025145089665e+03 1.758481162822053193e+03 3.453056616969956394e+03 1.443905814102845170e+03 1.076200724772103058e+03 1.030293162163080751e+03 1.237752802460976000e+03 1.393125981381439942e+03 6.905070600652827579e+02 1.304613352683468520e+03
8.269461893013353802e+02 6.172973351635336030e+02 9.021574142022001297e+02 5.844381917705242131e+02 0.000000000000000000e+00 5.125621913485231289e+02 1.776738585161024730e+03 5.222106854517628562e+02 5.318646444350291631e+02 1.321362932732714398e+03 5.475764786767232408e+02 2.584879107424561653e+02 9.946094710990842032e+02 1.074980930063412870e+03 9.973083775843858803e+02 1.121056644420789326e+03 1.372256535783306163e+03 1.670927885936433768e+03 3.672397037358569833e+03 8.848231461710300891e+02 9.141115905621152251e+02 6.969189335927098909e+02 4.705741174352877465e+02 1.632298992219256434e+03 5.120624961857682820e+02 3.974317551479750819e+02 2.057182539299806649e+03 7.696648621315644050e+02 8.944271909999158652e+02 1.360294085850556030e+03 5.749434754825904292e+02 5.654591055063133354e+02 1.460136979875518364e+03 3.795629065122143857e+03 2.163792966066762801e+03 6.066976182580578097e+03 9.938692066866746018e+02 1.224823252555241197e+03 5.021553544472068893e+02 4.428995371413250837e+02 2.851596044323248861e+03 6.583859050739163195e+02 1.391402170474086915e+03 3.517172159562281195e+03 6.092618484691126923e+01 4.246975394324765148e+03 1.834273698224994860e+03 1.610465771135791556e+03 1.466467865314477422e+03 1.466467865314477422e+03 1.793878479719292272e+03 1.288099375048369438e+03 2.161041415614240577e+03 5.041428369024001199e+02 2.173499482401594832e+03 2.138560263354764174e+03 8.100567881327826854e+02 1.108166052539058910e+03 1.499845325358585114e+03 9.391400321570793039e+02 2.101645069939260793e+03 3.368857373056924189e+03 1.275291339263307236e+03 3.735505320569092873e+03 4.293250516799596880e+03 2.282542442102665518e+03 1.122768008094281186e+03 1.014487062509916882e+03 9.270339799597423962e+02 1.364627421679631880e+03 6.000000000000000000e+02 8.637407018312845821e+02 1.988064385275285758e+03 3.289756829919196207e+03 1.724329434881861289e+03 3.070504844484046771e+03 1.368210510118965431e+03 1.746310396235445751e+03 7.553118561230188561e+02 3.846920846599264223e+03 3.960202015049232614e+03 1.446828255184422460e+03 1.024656039849470744e+03 1.640448719100965945e+03 3.219937887599697319e+02 1.334154413851709933e+03 3.485283345726714401e+02 1.377534028617805234e+03 8.712290169639668420e+02 7.793330481892834314e+02 1.731644305277501189e+03 2.193408306722667476e+03 3.810774199555780797e+03 2.524567289655793502e+03 9.011636921225799597e+02 1.134365020617261507e+03 1.364463264437705448e+03 2.327536036240900103e+03 7.461045503144985105e+02 3.672710170977285088e+03
4.991192242340501366e+02 1.025069753724106249e+03 4.948373470141476673e+02 5.487440204685605067e+02 5.125621913485231289e+02 0.000000000000000000e+00 8.928605714219885385e+02 1.018799293285973931e+03 4.123687670035159272e+02 4.224121210382107279e+02 5.178802950489621253e+02 1.847620090819538518e+03 1.760454486773230883e+03 1.513274595042155624e+03 5.045711049990873107e+02 1.796218249545416256e+03 6.170380863447571755e+02 7.858854878415811527e+02 6.189539562843103795e+02 5.968718455414025357e+02 5.894064811316550276e+02 5.461135413080323815e+02 4.733539901595844981e+02 2.568112147083923560e+02 1.352035502492445630e+03 4.160769159662669949e+02 2.900706810417074848e+03 3.236788531863025469e+02 4.921788292887047760e+02 1.008959860450355109e+03 5.830951894845300103e+02 6.010657202003787916e+02 4.837354648979129479e+02 2.620534296665471629e+03 1.601249512099847834e+03 2.870888364252431529e+03 5.388580518095651541e+02 7.836836096282734161e+02 2.212690669750292898e+02 5.322255161113566828e+02 1.634135857265239565e+03 1.606486850241856246e+03 9.088014084496128362e+02 4.308131845707603134e+02 4.560000000000000000e+02 1.296913258471822473e+03 8.184277610149841848e+02 4.404543109109047805e+02 1.000767705314275190e+03 1.455565869344290377e+03 7.286590423510848495e+02 2.206354459283457800e+03 1.636826197248809876e+03 1.767257762749961785e+02 3.394112549695428243e+02 1.377075161347411722e+03 6.417974758442105667e+02 8.822153932005494426e+02 1.503020957937712865e+03 1.193314711214103909e+03 2.276839915321233093e+03 8.479245249431106686e+02 8.471316308579204133e+02 9.824052117125601171e+02 1.294542390190448714e+03 8.271396496360212041e+02 7.767831100120547489e+02 5.414055781020362019e+02 4.703700670748511925e+02 2.264508776754905739e+03 4.428995371413250837e+02 2.251577224969199051e+03 9.160785992479029574e+02 1.475804865149861371e+03 6.422460587656415782e+02 2.282542442102665518e+03 6.029925372672533967e+02 1.098573620655438845e+03 1.382931668593933182e+03 2.607680962081059079e+03 1.145006550199604817e+03 9.410462262822161392e+02 5.809784849716897952e+02 2.967086112670139755e+03 4.529017553509811478e+02 8.697953782355939438e+02 5.570780914737179046e+02 2.420330555936523524e+03 9.070832376358853253e+02 7.022819946431775406e+02 1.310682265081816013e+03 2.742626478396210587e+03 1.028614602268507497e+03 1.247204874910293256e+03 8.163528648813576183e+02 9.489109547265222773e+02 8.653692853343017077e+02 2.656313234541438760e+03 3.681086796042711740e+02 1.477560151059847612e+03
4.158653628279229792e+02 3.884044283990593158e+03 1.948127305901747377e+02 8.786899339357428289e+02 1.776738585161024730e+03 8.928605714219885385e+02 0.000000000000000000e+00 1.450655024463087329e+03 7.693321779309636668e+02 2.749254444390332992e+02 7.280549429816405791e+02 1.987158775739875409e+03 1.012719112093772992e+03 7.721554247688738997e+02 3.820785259603056829e+02 4.105021315413599723e+02 5.348046372274645819e+02 8.786899339357428289e+02 6.942621983083913619e+02 2.867751732629587309e+02 3.923263947276553267e+02 1.349399866607374406e+03 8.236504112789600640e+02 6.746732542497886698e+02 2.229708501127445743e+03 2.844784701871127254e+03 1.129785820410222641e+03 1.475127113166861932e+02 8.210042630827199446e+02 7.954470441204744020e+02 1.451206394693738730e+03 9.538469478904883090e+02 1.381014120130565459e+02 8.246211251235321242e+02 9.760327863345574997e+02 1.382970715525097376e+03 3.121025472500985529e+02 1.681903683330291130e+02 2.168317319951118407e+03 4.585193561890271781e+02 7.766595135579040061e+02 9.993597950688230185e+02 7.156311899295614012e+02 3.952518184651399906e+02 6.504152519736910563e+02 1.491694338663253120e+03 1.281405478371307709e+03 2.086144769664847729e+02 7.704128763202235177e+02 1.032279032045115173e+03 1.085320229241121297e+03 1.649247100952431538e+03 1.273891675143534258e+03 1.128007092176285823e+03 5.715942616926799928e+02 2.032141727340886064e+03 3.291686497830557414e+02 1.230752615272459934e+03 8.480377350094746589e+02 2.749254444390332992e+02 2.486523677747710281e+03 2.272003521124031977e+03 2.607680962081059079e+03 9.100681293178000715e+02 1.466860593239862055e+03 1.180020338807768212e+03 1.049952379872534948e+03 1.328495389529071872e+03 2.579922479455535722e+02 1.664812301732540618e+03 1.782133552795637115e+03 4.715728999847213345e+03 3.231098884280702350e+02 5.795998619737586068e+02 5.618255957145420325e+02 1.194601188681812800e+03 4.897672916804469310e+02 2.720294101747088462e+03 5.656854249492380404e+01 8.803272118933958836e+02 1.957582182182909037e+03 2.059126028197400046e+03 1.186059020453872790e+03 4.964070910049533268e+03 1.765672676347459401e+03 6.403998750780640421e+02 8.287822391919363554e+02 1.761753671771397421e+03 3.620386719675123572e+02 4.709819529451208382e+02 1.484318025222357846e+03 5.004338118073158512e+03 1.087323318981065540e+03 1.405816488735282974e+03 1.987158775739875409e+02 7.131227103381296502e+02 2.316031087874253899e+03 1.137604500694331819e+03 4.452774416024238917e+02 2.696516271043065444e+03
8.342277866386374399e+02 1.671621966833410625e+03 7.491862251803619301e+02 8.915963212126887356e+02 5.222106854517628562e+02 1.018799293285973931e+03 1.450655024463087329e+03 0.000000000000000000e+00 3.560407280073446600e+03 7.725283166331187203e+02 1.996196383124666227e+03 7.615142808903848390e+02 3.396233207540377407e+03 3.173452378719428452e+03 9.616652224137046687e+02 2.267156809750926641e+03 2.618396455848502228e+03 1.091904757751334273e+03 1.865261375786246390e+03 2.151278689523976936e+03 5.525214927946242369e+02 1.120114279883976906e+03 3.492520579753253060e+03 2.121320343559642424e+03 9.884452438046328098e+02 1.274770567592458974e+03 3.240308627276112020e+03 2.686131046691504707e+03 2.118584433059017556e+03 2.601922366251537369e+03 2.191072796599875801e+03 1.049708530974193764e+03 1.147693338832285917e+03 1.360846795197754773e+03 1.262936261257867272e+03 5.441920616841080118e+03 2.209524835796149091e+03 5.682253074265523765e+02 8.246211251235321242e+02 2.206173157302028187e+02 1.300338417489847188e+03 1.133292548285746079e+03 3.186283101044224168e+03 1.440199986113039813e+03 4.960645119336798530e+02 1.974639207551597337e+03 9.933539147755949443e+02 6.792466415080755269e+02 1.304883136529857893e+03 2.383775157182405110e+03 3.012507261402037329e+03 1.561332764019252863e+03 9.666436778875657865e+01 5.874419120219462229e+02 2.185772174770279889e+03 1.391839071157294484e+03 6.603271916254850566e+02 1.256101906693879755e+03 1.417061748831009936e+03 2.134666250260213474e+03 1.542154337282750703e+03 3.660054644400818233e+03 1.522965528171928099e+03 2.235481156261443175e+03 2.952024390143144046e+03 1.376976397764319017e+03 2.174484766559655782e+03 9.319914162694847164e+02 8.364878959076455658e+02 3.001066477104431215e+03 6.497753457926824012e+02 1.364463264437705448e+03 1.063202708800160963e+03 1.057090346186171473e+03 1.141087200874674636e+03 5.925512636050994843e+03 1.016755624523415122e+03 2.978925980953538328e+03 6.364400993023616593e+02 1.445677695753794296e+03 2.721249712907655976e+03 3.502741783232100715e+03 3.141591953134588948e+03 2.772103894156926799e+03 6.276941930590086258e+02 2.960067566796406481e+03 4.404543109109047805e+02 1.646232061405681634e+03 2.280789337049785445e+03 9.383219063839445653e+02 1.984548311329305989e+03 1.775369257365914791e+03 1.646134866892746459e+03 1.916613680427018153e+03 6.880000000000000000e+02 1.255388386118017252e+03 1.481901481205818982e+03 1.690860136143732007e+03 2.258583626966245447e+03 1.623132773373761893e+03
6.897187832732989818e+02 2.837463656154911860e+02 2.245083517377471708e+03 2.560000000000000000e+02 5.318646444350291631e+02 4.123687670035159272e+02 7.693321779309636668e+02 3.560407280073446600e+03 0.000000000000000000e+00 7.774831187877972525e+02 7.443117626371358710e+02 3.151634496574753257e+02 6.989935622021134805e+02 9.944807690448317317e+02 2.107605276136876455e+03 2.788619730260832512e+03 1.513274595042155624e+03 3.577708763999663688e+02 1.028396810574595293e+03 7.571314284851739558e+02 4.326661530556787056e+02 1.717672844286711040e+02 1.131370849898476081e+02 5.860375414595894199e+02 1.577846633865281660e+02 2.146625258399798213e+02 1.381303731986560479e+03 7.228388478768971481e+02 2.290851370124216544e+02 8.975165736631273603e+02 5.517245689653489080e+02 2.036467529817256832e+02 1.076126386629377294e+03 1.387325484520485588e+03 3.338023367204010583e+02 1.484856895461646900e+03 1.375453379798821061e+03 9.332952373177524805e+02 1.933287355775131573e+02 2.044015655517344385e+03 1.878829422805593367e+03 3.455083211733112307e+02 1.854766831706886023e+03 7.415874864100661625e+02 1.277810627597063103e+03 1.189177867267970896e+03 1.211808565739655023e+03 5.799862067325394719e+02 1.346521444314942983e+03 1.072656515385983084e+03 7.912016177940993202e+02 7.923231663910881934e+02 9.605664995199447276e+02 9.476286192385707636e+02 3.480000000000000000e+02 2.957025532524195114e+03 1.552644196202079002e+03 4.876720209321014750e+02 1.943740723450532641e+03 1.281979719028347290e+03 3.740387680441694101e+03 9.711683685128958814e+02 1.992786993132983980e+03 1.213602900457971145e+03 1.219468736786638601e+03 4.356145084819834210e+02 1.511687798455752500e+03 9.034334507864981560e+02 8.520657251644382768e+02 1.262099837572289744e+03 3.748919844435193909e+02 4.882622246293481112e+02 1.153811076389891468e+03 5.263610927870713567e+02 9.281379207854832885e+02 6.993482680324589182e+02 9.518655367224930615e+02 8.049844718999243014e+02 7.799897435223107323e+02 2.010456664541665759e+03 1.102143366354849604e+03 1.819256991191733505e+03 5.848760552458957136e+02 1.170627182325782087e+03 2.619465594353168854e+03 3.055225032628529789e+03 1.175877544644849422e+03 1.320763415604778174e+03 6.788225099390856485e+02 7.368039087844200594e+02 4.621266060291269241e+03 2.354400135915728242e+03 1.126410227226297820e+03 1.195618668305241954e+03 2.388053600738475780e+03 7.842448597217580755e+02 9.853324312129384452e+02 1.137379444161006404e+03 4.763863977907009826e+02 1.573144621450933073e+03
7.889030358668928784e+02 1.001279181846901224e+03 4.566311421705707403e+02 2.008482013860218785e+03 1.321362932732714398e+03 4.224121210382107279e+02 2.749254444390332992e+02 7.725283166331187203e+02 7.774831187877972525e+02 0.000000000000000000e+00 5.571355310873648250e+02 6.910166423466224614e+02 1.126154518705137662e+03 9.787829177095399018e+02 6.539480101659457887e+02 2.410850472343732690e+03 7.497839688870387818e+02 1.366367446919019585e+03 1.214907403878995183e+03 5.515940536300223584e+02 3.448361929960369139e+02 9.367859947714846385e+02 7.945816509333700424e+02 5.792132595167345244e+02 1.290767213714386344e+03 1.791200714604591667e+03 1.144447464936682991e+03 4.073720658071684966e+02 1.872431574183686962e+03 7.436558343750151607e+02 2.428703357761091411e+03 9.249951351223421625e+02 3.757658845611186962e+02 1.083874531484156705e+03 2.634691632810185638e+03 2.946251856172516455e+03 5.848760552458957136e+02 4.618051537174525265e+02 1.533753565603027482e+03 4.604345773288534929e+02 2.505034929896188260e+03 9.925159948333326838e+02 1.476780281558499155e+03 1.628741845720186575e+03 1.188107739222331702e+03 4.233816245422089196e+03 7.388639928972042981e+02 3.800631526470305062e+02 1.028521268618204203e+03 3.207553584899244925e+03 1.073908748451189467e+03 1.285637585013754915e+03 2.512050954897213160e+02 4.000000000000000000e+02 6.425947400967424983e+02 1.631514633706973427e+03 2.862167011199730950e+02 2.939727878562912338e+03 1.121028099558614940e+03 5.498508888780665984e+02 4.643317779347004944e+03 1.158039722980174702e+03 1.240412834503094018e+03 1.183675631243627549e+03 6.300642824347371061e+03 1.212468556293316851e+03 2.991721912210424307e+03 6.291073040428000240e+02 5.328864794681884405e+02 2.308246087400561464e+03 1.468196172178636289e+03 1.244353647481293820e+03 1.506585543538766160e+03 1.924162155328911012e+03 8.329609834800187400e+02 1.334658008629926144e+03 7.152286347735247318e+02 1.068322048822357601e+03 3.314935896816105583e+02 2.880277764383150497e+03 1.522965528171928099e+03 1.098566338461178248e+03 9.761967014900224058e+02 1.551855663391412236e+03 5.660388679233961966e+02 2.255038802326913356e+03 2.872211691362598458e+02 3.418830209296741032e+03 1.513274595042155624e+03 6.511528238439882443e+02 4.242734966975900534e+03 2.264060069874472447e+03 2.009417826137709881e+03 2.437772753970311896e+03 4.153841595439094476e+02 1.427798305083739706e+03 1.763836727137747403e+03 5.196498821321910327e+03 6.178672996687880641e+02 1.980290887723316246e+03
9.903534722511958535e+02 5.793789778719969945e+02 6.012254152977899366e+02 4.816637831516918027e+02 5.475764786767232408e+02 5.178802950489621253e+02 7.280549429816405791e+02 1.996196383124666227e+03 7.443117626371358710e+02 5.571355310873648250e+02 0.000000000000000000e+00 4.582401117318299271e+02 5.694067087767758721e+02 5.287872918291436690e+02 5.572503925525759314e+02 8.177236697075608163e+02 5.671825103086307536e+02 3.939543120718441855e+02 7.340844638050855337e+02 1.160000000000000000e+03 2.489015869776647207e+02 4.143042360391696661e+02 9.476286192385707636e+02 2.912043955712207435e+02 4.425381339500585796e+02 8.487638069569177333e+02 6.462197768561404700e+02 4.258074682294804347e+02 1.074243920159662821e+03 3.701675296402967774e+02 9.600000000000000000e+01 4.976102892826875745e+02 4.604693257970611171e+02 1.105795641156176771e+03 5.024101909794426319e+02 1.204816998552062159e+03 9.314504817756014745e+02 1.632298992219256434e+03 2.690724809414741685e+02 2.448264691572379888e+03 5.931879971813320935e+02 1.972257589667232196e+03 2.397081558896150455e+03 1.159655121145937983e+03 4.988947784854036627e+02 1.190710712137923110e+03 2.285607140345864536e+03 4.288216412449352788e+02 3.983227334712393713e+03 1.379791288565049626e+03 6.118823416311341816e+02 7.746379799622530982e+02 7.820383622303959328e+02 3.498571136907180517e+02 8.836288813749808924e+01 1.401741773651623589e+03 7.793330481892834314e+02 7.824065439399136039e+02 1.034013539563191671e+03 1.396280774056564951e+03 3.201156041182623085e+03 8.025559170550050112e+02 2.804799458071824574e+03 9.837723313856718050e+02 1.793949832074464666e+03 6.946653870749571524e+02 1.628004913997497624e+03 9.165675097885589366e+02 5.552368863827402947e+02 2.433926868252207896e+03 4.402908129861444309e+02 7.815471834764680352e+02 7.091177617293195681e+02 3.304300228490141080e+02 1.663850954863445622e+03 1.175326337661162142e+03 3.880618507403169133e+02 1.548289378636952506e+03 4.890480548984936036e+02 1.077181507453595259e+03 1.579311242282533613e+03 9.612325421041466598e+02 7.299315036357863846e+02 2.756011611006020303e+03 5.600571399419884528e+02 9.347684205192214222e+02 6.620694827584186442e+02 2.156014842249468529e+03 3.971901307938051104e+02 2.433105012119287949e+02 1.211465228555900467e+03 9.790444320867159149e+02 9.775070332227794552e+02 1.731038994361478899e+03 6.628906395477310980e+02 1.480135128966271168e+03 8.191703119620485722e+02 1.004119514798910814e+03 3.231098884280702350e+02 1.382502079564439555e+03
8.246211251235321242e+02 5.390658586851888003e+02 9.674709297958260095e+02 1.319393800197651387e+02 2.584879107424561653e+02 1.847620090819538518e+03 1.987158775739875409e+03 7.615142808903848390e+02 3.151634496574753257e+02 6.910166423466224614e+02 4.582401117318299271e+02 0.000000000000000000e+00 1.944942158522972477e+03 9.445422171613082583e+02 2.488453334905037082e+03 4.476438316340347228e+03 8.331146379700695661e+02 4.352470562795342062e+02 2.681268356580519594e+03 8.904470787194486547e+02 1.006578362572929564e+03 4.624110725317896140e+02 8.527602242131135881e+02 5.747208017811778973e+02 2.576198750096738763e+02 2.584879107424561653e+02 8.485281374238570606e+02 8.071678883602841097e+02 2.561249694973139412e+02 8.252805583557629916e+02 6.617431525901873783e+02 7.694153624668537077e+02 6.945732502767436927e+02 5.778174452195087724e+03 6.370431696517905493e+02 4.102389547568587659e+03 1.028801244167210371e+03 9.341177655948954452e+02 9.277930803794561143e+02 1.645964762684790912e+03 1.024281211386794894e+03 4.019950248448355978e+02 1.400205699174231995e+03 9.130169768410661391e+02 4.005196624386873054e+02 2.256510580520286567e+03 1.295728366595406442e+03 6.624077294235024738e+02 5.600446410778340578e+03 2.028035502647820977e+03 6.886160032993715276e+02 1.105535164524403626e+03 8.009993757800314143e+02 8.627861844049197089e+02 4.497821694998590942e+02 2.087448202950195082e+03 9.760327863345574997e+02 4.970311861442901318e+02 3.716180835212408965e+03 1.452198333561914069e+03 1.920337470342127290e+03 1.862475771654493201e+03 1.105969258162269170e+03 1.441887651656674734e+03 3.834370874080909743e+03 6.572183807533078834e+02 2.299304242591658294e+03 1.033982591729667320e+03 2.400000000000000000e+03 3.494967811010567857e+03 1.120000000000000000e+02 1.518551941818257319e+03 8.444074845712821116e+02 1.932563064947687508e+03 1.120114279883976906e+03 2.524915840181608928e+03 8.461867406193505303e+02 1.100545319375808276e+03 2.065526567246231025e+03 2.293130611195097117e+03 1.413172317872098802e+03 3.544009029333869876e+03 3.289756829919196207e+03 1.478680492871938895e+03 7.952659932374828031e+02 1.362350909274112155e+03 1.463420650394137283e+03 1.194172516850057036e+03 8.448242420764214557e+02 7.004455724751210255e+02 3.867040211841609107e+03 1.256025477448606580e+03 1.408022727089303771e+03 1.508079573497366937e+03 3.725922704512266137e+03 2.597383298629603814e+03 1.257247787828636319e+03 3.564547657136877206e+03 2.526064132202505789e+03 1.338895066836830210e+03
2.022473732833136182e+03 1.425061402185884845e+03 1.596405963406551564e+03 6.923120683622379374e+02 9.946094710990842032e+02 1.760454486773230883e+03 1.012719112093772992e+03 3.396233207540377407e+03 6.989935622021134805e+02 1.126154518705137662e+03 5.694067087767758721e+02 1.944942158522972477e+03 0.000000000000000000e+00 4.512028368705143748e+02 3.354906854146624028e+03 3.094382006152440226e+03 5.782179519869648630e+02 3.477010209936116780e+02 1.208238387074338789e+03 8.605114758095908201e+02 3.025392536514889798e+03 8.099382692526635310e+02 8.318172876299217933e+02 1.412232275512778415e+03 8.273910804450335945e+02 6.080526293011156440e+02 4.132989232988636559e+02 1.357910159031148851e+03 6.833798358160709085e+02 5.762777108304641160e+02 1.208304597359457148e+03 2.030492551082125829e+03 2.549745085297744026e+03 2.040000000000000000e+03 1.538830724933707472e+02 2.167221262354169539e+03 1.019395899540507230e+03 1.177848886742267950e+03 5.348046372274645819e+02 1.823447284678117512e+03 5.449403637096448847e+02 6.997142273814361033e+02 3.014431953121516472e+03 7.844896430164008052e+02 2.420330555936523524e+03 1.840978000954927211e+03 1.972166321586493495e+03 2.012461179749810753e+03 3.336405251164792389e+03 2.958462438497403127e+03 1.242577965360725329e+03 5.671825103086307536e+02 1.349180492002459914e+03 7.721554247688738997e+02 4.866210024238575897e+02 1.603201796406179028e+03 1.996765384315342999e+03 7.116403586081947878e+02 3.018078859142020519e+03 1.449766877811739732e+03 7.106954340644099375e+02 7.283954969657623906e+02 6.264183905346329766e+02 1.052722185574142713e+03 2.924807685985524586e+03 3.685213698009926588e+02 4.000000000000000000e+02 9.790117466098147361e+02 1.459123024285478095e+03 4.790991546642510912e+03 8.400000000000000000e+02 1.430244734302490087e+03 9.528399655765914531e+02 4.895058733049073680e+02 1.331783766232341350e+03 2.336493098641637403e+02 6.326073031510148894e+02 1.321362932732714398e+03 9.974367147844518513e+02 1.251789119620393649e+03 6.880465100558246831e+02 2.760072462816873667e+03 3.572338169882577290e+02 1.925097400133302244e+03 1.111654622623411797e+03 1.234516909564222942e+03 1.208105955618131929e+03 1.140000000000000000e+03 1.875419952970534041e+03 5.600571399419884528e+02 1.976866206904250930e+03 4.800666620376799187e+02 2.075379483371655624e+03 1.925097400133302244e+03 1.152444358743622843e+03 2.347104599288238205e+03 7.360434769767340413e+02 8.172539385038165847e+02 8.647496747614304695e+02 1.095423205888938583e+03
1.261269202034204909e+03 8.960714257245344925e+02 7.464047159550909782e+02 3.438895171417703750e+03 1.074980930063412870e+03 1.513274595042155624e+03 7.721554247688738997e+02 3.173452378719428452e+03 9.944807690448317317e+02 9.787829177095399018e+02 5.287872918291436690e+02 9.445422171613082583e+02 4.512028368705143748e+02 0.000000000000000000e+00 1.292594290564521998e+03 3.256762195801222333e+03 2.374531532744932747e+02 1.582403235588198640e+03 8.835202318000419837e+02 7.935439496335411604e+02 7.584826959133609989e+02 6.271204031125123493e+02 7.761237014806338266e+02 4.364951317025197000e+02 2.028299780604435227e+03 2.942447960457414865e+03 3.062352037241962989e+03 6.311386535461126641e+02 8.813081186509062945e+02 2.418594633252955930e+02 5.080472418978376936e+02 3.132091952673164542e+03 1.256853213386511698e+03 2.292684016605864599e+03 5.409916820062948091e+02 3.743394181755375939e+03 9.885261756777106257e+02 9.124910958469677098e+02 8.722935285785398491e+02 4.212517062279985112e+03 9.765244492586961655e+01 7.993997748310915767e+02 1.147616660736502126e+03 4.230933703096752652e+02 1.541334486735439214e+03 1.080000000000000000e+03 1.392051723176980204e+03 5.997332740477220341e+02 8.960714257245344925e+02 4.099560952102066267e+02 8.622575021419065706e+02 5.047137802755141820e+02 1.228592690845912557e+03 1.136457654292494908e+03 1.252996408614166739e+03 1.544020725249502448e+03 1.099032301618109841e+03 1.080681266609170052e+03 7.566240810336398681e+02 6.209669878504009830e+02 3.360952246016000800e+02 3.111784054204275662e+02 2.720000000000000000e+02 6.059438917919711685e+02 2.630437226013957115e+03 7.992396386566422279e+02 3.770198933743417342e+02 1.513274595042155624e+03 6.329612942352794107e+02 1.274770567592458974e+03 2.387299729820284028e+03 2.457722522987491175e+03 6.691845784236214740e+02 7.988116173416608490e+02 4.581702740248433088e+02 5.116248625702233994e+02 2.862167011199730950e+02 8.873871759271710289e+02 7.353910524340094526e+02 1.201499063670047235e+03 2.043526363911168119e+03 6.528705844193012808e+02 1.444991349455075351e+02 2.181559075523741285e+03 1.056605886790339582e+03 1.210751832540426221e+03 1.160909987897425253e+03 4.042969205917848967e+02 1.056030302595526791e+03 3.312038647117512369e+02 1.796106901050157376e+03 5.769991334482227785e+02 4.646202750634113272e+02 6.473577063726050937e+02 8.483395546595714904e+02 1.756359872008011962e+02 3.241727934296769718e+02 1.204159457879229421e+03 3.664314396991611602e+02 3.959797974644666283e+02
2.584879107424561653e+02 1.126410227226297820e+03 2.604611295375952977e+02 2.592373429890069019e+03 9.973083775843858803e+02 5.045711049990873107e+02 3.820785259603056829e+02 9.616652224137046687e+02 2.107605276136876455e+03 6.539480101659457887e+02 5.572503925525759314e+02 2.488453334905037082e+03 3.354906854146624028e+03 1.292594290564521998e+03 0.000000000000000000e+00 8.809086218218095610e+02 3.169858040985432126e+02 2.252909230306449899e+03 5.689569403742254963e+02 1.697056274847714121e+02 9.494419413529191161e+02 9.119298218613096196e+02 9.347684205192214222e+02 1.697056274847714121e+03 3.734487916702903931e+03 8.960357135739624255e+02 1.145677092378127327e+03 2.500559937294045483e+02 3.686583784481236762e+03 3.184964677983101069e+02 6.223568108408551325e+02 2.616639065671840399e+03 1.900447315765422672e+03 5.488023323565598730e+02 9.181546710658286656e+02 6.481975007665487283e+02 2.163330765278393528e+02 1.149782588144384817e+03 6.638072009250878409e+02 8.347646374877172093e+02 1.802498266295976009e+03 1.058240048382218447e+03 4.048505897241598177e+02 1.114271062174729536e+02 9.372299611087985340e+02 1.199066303421124303e+03 4.208942860149089711e+02 8.829496021857646610e+02 5.050148512667721548e+02 2.524460338369371129e+03 1.140890879970560491e+03 8.504116650187719415e+02 8.914168497397836290e+02 1.683092391997539607e+03 6.110450065257059578e+02 1.100727032465361162e+03 1.646572197020221893e+03 3.325838240203513124e+03 1.256343901963152803e+03 1.244507934888323604e+02 9.726664381996532711e+02 5.554097586467130441e+02 7.781413753297018729e+02 7.954470441204744020e+02 1.735525280714746486e+03 1.166355005990886184e+03 8.729169490850775901e+02 8.836288813749808924e+01 2.123016721554495803e+02 4.192183202103648796e+02 9.464713413516544733e+02 1.300338417489847188e+03 2.529822128134703405e+02 4.055613393803704412e+02 6.741661516273269399e+02 1.016125976441897706e+03 2.620534296665471743e+02 1.731704362759417563e+03 3.268271714530479244e+02 2.031600354400441574e+03 9.922902801096058738e+02 4.562806154111743808e+02 5.760000000000000000e+02 9.942233149549450673e+02 8.253968742368728044e+02 3.790514476954282941e+02 9.179106710350414460e+02 9.088014084496128362e+02 1.649242250247064305e+02 3.663441005393699470e+02 2.937209560109731228e+03 1.090731864391977979e+03 7.248724025647547933e+02 1.088029411367174362e+03 1.363598181283621443e+03 9.848857801796104923e+02 5.720419565031921820e+02 7.806458864299485185e+02 3.712034482598457998e+02 7.334302966199310276e+02
1.650817979063712301e+03 2.093819476459229008e+03 2.262741699796952162e+02 1.265138727571012168e+03 1.121056644420789326e+03 1.796218249545416256e+03 4.105021315413599723e+02 2.267156809750926641e+03 2.788619730260832512e+03 2.410850472343732690e+03 8.177236697075608163e+02 4.476438316340347228e+03 3.094382006152440226e+03 3.256762195801222333e+03 8.809086218218095610e+02 0.000000000000000000e+00 9.978055922873954842e+02 1.199066303421124303e+03 1.607980099379342391e+02 3.803156583681508209e+02 7.932515363993945812e+02 3.035918312471532772e+03 2.973819093354537017e+03 1.106345334875146591e+03 1.255872605004185971e+03 1.134562470734864291e+03 3.626844358392017057e+03 3.952518184651399906e+02 4.529602631578182809e+03 6.657326790837295221e+02 9.016961794307437685e+02 3.284204622126946560e+03 5.402814081568974416e+02 1.141577855426426822e+03 3.115381196579320203e+03 1.361322886019330781e+03 5.458937625582472037e+02 3.406347016967002901e+02 9.234717104492156068e+02 3.071742176680849298e+03 8.252805583557629916e+02 1.342713670147139055e+03 9.953893710503443799e+02 6.849467132558561389e+02 1.060867569492064376e+03 2.296519105080556528e+03 1.024499877989255765e+02 8.136141591688285644e+02 4.007193531637822161e+02 9.617650440726155239e+02 3.570658202628753315e+03 1.199466548095444068e+03 8.166272099311901229e+02 8.488297827008663035e+02 8.909141372769880718e+02 2.197384809267598939e+03 1.233207200757439750e+03 1.597538105961795281e+03 8.322499624511856382e+02 2.736421020237931430e+02 2.388137349483902653e+03 8.586501033599192851e+02 2.812329994861911473e+03 7.037272198799759053e+02 2.220129725939455057e+03 3.707937432050330699e+03 1.836352907259386257e+03 2.641211843075068373e+02 6.767569726275452240e+02 2.986904752415115354e+02 1.118541908021331210e+03 1.595674152200254184e+03 8.809086218218095610e+02 7.491862251803619301e+02 6.823137108398159398e+02 1.368000000000000000e+03 1.523285921946369172e+03 3.592046770296845352e+03 9.245539465060976454e+02 5.720978937209960122e+02 3.290774984711048091e+03 5.793789778719969945e+02 9.281379207854832885e+02 3.264659247149692874e+03 1.294944014233820099e+03 7.280109889280518018e+02 2.324220299369231270e+03 1.253858046191832727e+03 4.880000000000000000e+02 1.717323498936644683e+03 1.497945259346949570e+03 1.438955176508288559e+03 1.005138796385852402e+03 1.406931412685067698e+03 5.692099788303082732e+02 7.334302966199310276e+02 8.730269182562470860e+02 1.601449343563510865e+03 1.701411178992309260e+03 2.594224354214569757e+03
